time	x_field	y_or_z_field
0.0000	0.000000	0.000000
0.5517	0.000001	-0.000000
1.1034	0.000003	-0.000000
1.6551	0.000008	-0.000001
2.2068	0.000013	-0.000003
2.7585	0.000021	-0.000007
3.3102	0.000030	-0.000011
3.8620	0.000041	-0.000018
4.4137	0.000053	-0.000026
4.9654	0.000066	-0.000037
5.5171	0.000081	-0.000050
6.0688	0.000097	-0.000065
6.6205	0.000114	-0.000084
7.1722	0.000131	-0.000105
7.7239	0.000150	-0.000128
8.2756	0.000170	-0.000154
8.8273	0.000190	-0.000183
9.3790	0.000211	-0.000215
9.9307	0.000232	-0.000249
10.4825	0.000253	-0.000285
11.0342	0.000274	-0.000322
11.5859	0.000295	-0.000362
12.1376	0.000316	-0.000403
12.6893	0.000336	-0.000445
13.2410	0.000355	-0.000487
13.7927	0.000374	-0.000529
14.3444	0.000391	-0.000571
14.8961	0.000408	-0.000612
15.4478	0.000422	-0.000651
15.9995	0.000436	-0.000689
16.5512	0.000447	-0.000724
17.1030	0.000456	-0.000755
17.6547	0.000463	-0.000783
18.2064	0.000468	-0.000806
18.7581	0.000470	-0.000824
19.3098	0.000469	-0.000836
19.8615	0.000465	-0.000842
20.4132	0.000458	-0.000841
20.9649	0.000447	-0.000832
21.5166	0.000433	-0.000816
22.0683	0.000416	-0.000791
22.6200	0.000394	-0.000757
23.1717	0.000368	-0.000713
23.7235	0.000338	-0.000660
24.2752	0.000304	-0.000597
24.8269	0.000265	-0.000523
25.3786	0.000221	-0.000438
25.9303	0.000172	-0.000343
26.4820	0.000119	-0.000237
27.0337	0.000060	-0.000121
27.5854	-0.000003	0.000007
28.1371	-0.000072	0.000144
28.6888	-0.000146	0.000292
29.2405	-0.000226	0.000450
29.7922	-0.000311	0.000617
30.3440	-0.000402	0.000793
30.8957	-0.000498	0.000978
31.4474	-0.000600	0.001170
31.9991	-0.000707	0.001369
32.5508	-0.000820	0.001573
33.1025	-0.000938	0.001783
33.6542	-0.001062	0.001997
34.2059	-0.001191	0.002213
34.7576	-0.001326	0.002431
35.3093	-0.001466	0.002650
35.8610	-0.001611	0.002868
36.4127	-0.001761	0.003084
36.9645	-0.001917	0.003296
37.5162	-0.002077	0.003502
38.0679	-0.002242	0.003703
38.6196	-0.002411	0.003895
39.1713	-0.002585	0.004078
39.7230	-0.002763	0.004250
40.2747	-0.002945	0.004409
40.8264	-0.003131	0.004554
41.3781	-0.003320	0.004684
41.9298	-0.003512	0.004796
42.4815	-0.003708	0.004890
43.0332	-0.003905	0.004964
43.5850	-0.004106	0.005017
44.1367	-0.004308	0.005047
44.6884	-0.004512	0.005054
45.2401	-0.004718	0.005035
45.7918	-0.004925	0.004991
46.3435	-0.005132	0.004921
46.8952	-0.005339	0.004823
47.4469	-0.005547	0.004696
47.9986	-0.005754	0.004541
48.5503	-0.005960	0.004357
49.1020	-0.006165	0.004144
49.6537	-0.006368	0.003901
50.2055	-0.006569	0.003629
50.7572	-0.006768	0.003328
51.3089	-0.006963	0.002998
51.8606	-0.007155	0.002640
52.4123	-0.007343	0.002254
52.9640	-0.007526	0.001842
53.5157	-0.007705	0.001403
54.0674	-0.007878	0.000941
54.6191	-0.008046	0.000455
55.1708	-0.008207	-0.000052
55.7225	-0.008361	-0.000578
56.2742	-0.008509	-0.001123
56.8260	-0.008648	-0.001683
57.3777	-0.008779	-0.002258
57.9294	-0.008902	-0.002843
58.4811	-0.009015	-0.003438
59.0328	-0.009119	-0.004038
59.5845	-0.009213	-0.004643
60.1362	-0.009296	-0.005248
60.6879	-0.009368	-0.005852
61.2396	-0.009429	-0.006450
61.7913	-0.009478	-0.007040
62.3430	-0.009515	-0.007620
62.8947	-0.009539	-0.008185
63.4465	-0.009550	-0.008733
63.9982	-0.009548	-0.009260
64.5499	-0.009532	-0.009764
65.1016	-0.009501	-0.010241
65.6533	-0.009456	-0.010689
66.2050	-0.009396	-0.011104
66.7567	-0.009322	-0.011482
67.3084	-0.009231	-0.011823
67.8601	-0.009125	-0.012122
68.4118	-0.009003	-0.012377
68.9635	-0.008865	-0.012586
69.5152	-0.008710	-0.012746
70.0670	-0.008538	-0.012855
70.6187	-0.008350	-0.012911
71.1704	-0.008145	-0.012912
71.7221	-0.007923	-0.012857
72.2738	-0.007683	-0.012745
72.8255	-0.007426	-0.012574
73.3772	-0.007152	-0.012343
73.9289	-0.006861	-0.012052
74.4806	-0.006552	-0.011701
75.0323	-0.006226	-0.011289
75.5840	-0.005882	-0.010817
76.1357	-0.005522	-0.010286
76.6875	-0.005144	-0.009695
77.2392	-0.004749	-0.009046
77.7909	-0.004338	-0.008341
78.3426	-0.003909	-0.007582
78.8943	-0.003465	-0.006769
79.4460	-0.003004	-0.005906
79.9977	-0.002527	-0.004996
80.5494	-0.002035	-0.004040
81.1011	-0.001527	-0.003042
81.6528	-0.001005	-0.002006
82.2045	-0.000468	-0.000935
82.7562	0.000084	0.000167
83.3080	0.000648	0.001296
83.8597	0.001226	0.002447
84.4114	0.001817	0.003616
84.9631	0.002420	0.004798
85.5148	0.003034	0.005989
86.0665	0.003660	0.007183
86.6182	0.004295	0.008374
87.1699	0.004941	0.009559
87.7216	0.005596	0.010731
88.2733	0.006259	0.011885
88.8250	0.006929	0.013016
89.3767	0.007607	0.014117
89.9285	0.008291	0.015185
90.4802	0.008981	0.016212
91.0319	0.009675	0.017194
91.5836	0.010372	0.018126
92.1353	0.011073	0.019003
92.6870	0.011776	0.019819
93.2387	0.012480	0.020570
93.7904	0.013185	0.021250
94.3421	0.013889	0.021857
94.8938	0.014591	0.022384
95.4455	0.015291	0.022830
95.9972	0.015988	0.023189
96.5490	0.016680	0.023459
97.1007	0.017367	0.023637
97.6524	0.018048	0.023719
98.2041	0.018721	0.023705
98.7558	0.019386	0.023591
99.3075	0.020042	0.023377
99.8592	0.020688	0.023061
100.4109	0.021322	0.022643
100.9626	0.021944	0.022123
101.5143	0.022553	0.021501
102.0660	0.023147	0.020777
102.6177	0.023726	0.019953
103.1695	0.024289	0.019030
103.7212	0.024834	0.018011
104.2729	0.025362	0.016898
104.8246	0.025870	0.015694
105.3763	0.026358	0.014403
105.9280	0.026824	0.013028
106.4797	0.027269	0.011574
107.0314	0.027690	0.010045
107.5831	0.028088	0.008447
108.1348	0.028461	0.006786
108.6865	0.028808	0.005067
109.2382	0.029129	0.003296
109.7900	0.029422	0.001480
110.3417	0.029687	-0.000373
110.8934	0.029923	-0.002258
111.4451	0.030130	-0.004166
111.9968	0.030306	-0.006089
112.5485	0.030451	-0.008020
113.1002	0.030564	-0.009952
113.6519	0.030645	-0.011874
114.2036	0.030692	-0.013780
114.7553	0.030707	-0.015662
115.3070	0.030687	-0.017510
115.8587	0.030632	-0.019316
116.4105	0.030543	-0.021073
116.9622	0.030417	-0.022771
117.5139	0.030256	-0.024404
118.0656	0.030059	-0.025963
118.6173	0.029826	-0.027440
119.1690	0.029555	-0.028828
119.7207	0.029247	-0.030119
120.2724	0.028903	-0.031308
120.8241	0.028521	-0.032386
121.3758	0.028101	-0.033349
121.9275	0.027645	-0.034190
122.4792	0.027150	-0.034904
123.0310	0.026619	-0.035486
123.5827	0.026050	-0.035931
124.1344	0.025444	-0.036237
124.6861	0.024801	-0.036399
125.2378	0.024122	-0.036414
125.7895	0.023406	-0.036282
126.3412	0.022654	-0.035999
126.8929	0.021866	-0.035565
127.4446	0.021043	-0.034980
127.9963	0.020186	-0.034244
128.5480	0.019294	-0.033358
129.0997	0.018369	-0.032324
129.6515	0.017411	-0.031143
130.2032	0.016421	-0.029819
130.7549	0.015399	-0.028355
131.3066	0.014346	-0.026756
131.8583	0.013264	-0.025026
132.4100	0.012152	-0.023171
132.9617	0.011012	-0.021196
133.5134	0.009846	-0.019109
134.0651	0.008653	-0.016917
134.6168	0.007434	-0.014626
135.1685	0.006192	-0.012247
135.7202	0.004927	-0.009786
136.2720	0.003640	-0.007254
136.8237	0.002333	-0.004659
137.3754	0.001007	-0.002013
137.9271	-0.000338	0.000675
138.4788	-0.001699	0.003395
139.0305	-0.003075	0.006135
139.5822	-0.004465	0.008884
140.1339	-0.005868	0.011631
140.6856	-0.007282	0.014365
141.2373	-0.008705	0.017075
141.7890	-0.010136	0.019747
142.3407	-0.011574	0.022373
142.8925	-0.013016	0.024939
143.4442	-0.014462	0.027435
143.9959	-0.015910	0.029849
144.5476	-0.017357	0.032171
145.0993	-0.018804	0.034389
145.6510	-0.020247	0.036495
146.2027	-0.021685	0.038477
146.7544	-0.023116	0.040326
147.3061	-0.024540	0.042033
147.8578	-0.025953	0.043590
148.4095	-0.027355	0.044987
148.9612	-0.028743	0.046219
149.5130	-0.030117	0.047277
150.0647	-0.031473	0.048156
150.6164	-0.032812	0.048851
151.1681	-0.034130	0.049355
151.7198	-0.035426	0.049665
152.2715	-0.036699	0.049778
152.8232	-0.037947	0.049692
153.3749	-0.039168	0.049404
153.9266	-0.040361	0.048913
154.4783	-0.041523	0.048220
155.0300	-0.042654	0.047325
155.5817	-0.043751	0.046229
156.1335	-0.044814	0.044936
156.6852	-0.045841	0.043449
157.2369	-0.046830	0.041771
157.7886	-0.047779	0.039907
158.3403	-0.048688	0.037864
158.8920	-0.049554	0.035648
159.4437	-0.050378	0.033267
159.9954	-0.051156	0.030728
160.5471	-0.051889	0.028040
161.0988	-0.052574	0.025213
161.6505	-0.053210	0.022257
162.2022	-0.053797	0.019183
162.7540	-0.054333	0.016003
163.3057	-0.054818	0.012728
163.8574	-0.055249	0.009371
164.4091	-0.055627	0.005945
164.9608	-0.055950	0.002463
165.5125	-0.056218	-0.001061
166.0642	-0.056430	-0.004613
166.6159	-0.056584	-0.008178
167.1676	-0.056681	-0.011743
167.7193	-0.056719	-0.015293
168.2710	-0.056699	-0.018813
168.8227	-0.056620	-0.022288
169.3745	-0.056480	-0.025705
169.9262	-0.056281	-0.029048
170.4779	-0.056021	-0.032303
171.0296	-0.055701	-0.035456
171.5813	-0.055320	-0.038494
172.1330	-0.054879	-0.041404
172.6847	-0.054376	-0.044171
173.2364	-0.053813	-0.046784
173.7881	-0.053189	-0.049231
174.3398	-0.052505	-0.051501
174.8915	-0.051761	-0.053583
175.4432	-0.050957	-0.055466
175.9950	-0.050094	-0.057142
176.5467	-0.049171	-0.058602
177.0984	-0.048191	-0.059838
177.6501	-0.047152	-0.060845
178.2018	-0.046057	-0.061614
178.7535	-0.044905	-0.062143
179.3052	-0.043698	-0.062427
179.8569	-0.042436	-0.062462
180.4086	-0.041121	-0.062247
180.9603	-0.039753	-0.061781
181.5120	-0.038334	-0.061063
182.0637	-0.036865	-0.060095
182.6155	-0.035346	-0.058879
183.1672	-0.033780	-0.057418
183.7189	-0.032168	-0.055716
184.2706	-0.030510	-0.053778
184.8223	-0.028809	-0.051611
185.3740	-0.027066	-0.049221
185.9257	-0.025283	-0.046617
186.4774	-0.023461	-0.043808
187.0291	-0.021602	-0.040803
187.5808	-0.019708	-0.037614
188.1325	-0.017780	-0.034252
188.6842	-0.015821	-0.030730
189.2360	-0.013832	-0.027061
189.7877	-0.011816	-0.023259
190.3394	-0.009773	-0.019338
190.8911	-0.007708	-0.015314
191.4428	-0.005620	-0.011201
191.9945	-0.003513	-0.007017
192.5462	-0.001389	-0.002777
193.0979	0.000750	0.001501
193.6496	0.002903	0.005800
194.2013	0.005066	0.010104
194.7530	0.007237	0.014394
195.3047	0.009415	0.018654
195.8565	0.011597	0.022866
196.4082	0.013780	0.027012
196.9599	0.015962	0.031075
197.5116	0.018141	0.035039
198.0633	0.020315	0.038886
198.6150	0.022481	0.042601
199.1667	0.024636	0.046167
199.7184	0.026779	0.049570
200.2701	0.028907	0.052794
200.8218	0.031018	0.055826
201.3735	0.033109	0.058652
201.9252	0.035178	0.061260
202.4770	0.037223	0.063637
203.0287	0.039241	0.065774
203.5804	0.041230	0.067659
204.1321	0.043188	0.069285
204.6838	0.045113	0.070642
205.2355	0.047001	0.071724
205.7872	0.048852	0.072526
206.3389	0.050663	0.073042
206.8906	0.052431	0.073269
207.4423	0.054155	0.073204
207.9940	0.055832	0.072847
208.5457	0.057462	0.072197
209.0975	0.059040	0.071255
209.6492	0.060567	0.070024
210.2009	0.062039	0.068508
210.7526	0.063455	0.066710
211.3043	0.064814	0.064637
211.8560	0.066112	0.062296
212.4077	0.067350	0.059695
212.9594	0.068525	0.056844
213.5111	0.069636	0.053752
214.0628	0.070680	0.050431
214.6145	0.071658	0.046893
215.1662	0.072567	0.043153
215.7180	0.073406	0.039223
216.2697	0.074174	0.035119
216.8214	0.074871	0.030857
217.3731	0.075494	0.026452
217.9248	0.076042	0.021924
218.4765	0.076516	0.017288
219.0282	0.076914	0.012563
219.5799	0.077235	0.007769
220.1316	0.077480	0.002924
220.6833	0.077646	-0.001953
221.2350	0.077734	-0.006842
221.7867	0.077743	-0.011724
222.3385	0.077674	-0.016578
222.8902	0.077525	-0.021386
223.4419	0.077297	-0.026126
223.9936	0.076989	-0.030781
224.5453	0.076602	-0.035331
225.0970	0.076136	-0.039758
225.6487	0.075590	-0.044042
226.2004	0.074966	-0.048166
226.7521	0.074264	-0.052114
227.3038	0.073483	-0.055868
227.8555	0.072625	-0.059412
228.4072	0.071691	-0.062733
228.9590	0.070680	-0.065815
229.5107	0.069594	-0.068645
230.0624	0.068434	-0.071211
230.6141	0.067201	-0.073502
231.1658	0.065895	-0.075507
231.7175	0.064519	-0.077218
232.2692	0.063072	-0.078627
232.8209	0.061557	-0.079728
233.3726	0.059975	-0.080514
233.9243	0.058327	-0.080982
234.4760	0.056615	-0.081128
235.0277	0.054840	-0.080952
235.5795	0.053005	-0.080453
236.1312	0.051110	-0.079632
236.6829	0.049158	-0.078491
237.2346	0.047151	-0.077035
237.7863	0.045091	-0.075267
238.3380	0.042979	-0.073195
238.8897	0.040818	-0.070826
239.4414	0.038609	-0.068169
239.9931	0.036356	-0.065233
240.5448	0.034061	-0.062030
241.0965	0.031724	-0.058571
241.6482	0.029350	-0.054871
242.1999	0.026941	-0.050943
242.7517	0.024498	-0.046803
243.3034	0.022025	-0.042467
243.8551	0.019523	-0.037951
244.4068	0.016996	-0.033274
244.9585	0.014446	-0.028454
245.5102	0.011876	-0.023510
246.0619	0.009288	-0.018461
246.6136	0.006686	-0.013329
247.1653	0.004071	-0.008132
247.7170	0.001446	-0.002893
248.2687	-0.001185	0.002369
248.8204	-0.003820	0.007632
249.3722	-0.006456	0.012874
249.9239	-0.009091	0.018075
250.4756	-0.011722	0.023214
251.0273	-0.014345	0.028270
251.5790	-0.016959	0.033222
252.1307	-0.019560	0.038051
252.6824	-0.022146	0.042736
253.2341	-0.024713	0.047260
253.7858	-0.027260	0.051602
254.3375	-0.029783	0.055746
254.8892	-0.032280	0.059675
255.4409	-0.034748	0.063372
255.9927	-0.037185	0.066822
256.5444	-0.039587	0.070012
257.0961	-0.041953	0.072927
257.6478	-0.044279	0.075556
258.1995	-0.046564	0.077888
258.7512	-0.048805	0.079913
259.3029	-0.050999	0.081623
259.8546	-0.053144	0.083010
260.4063	-0.055238	0.084069
260.9580	-0.057278	0.084794
261.5097	-0.059263	0.085183
262.0614	-0.061190	0.085234
262.6132	-0.063057	0.084946
263.1649	-0.064862	0.084319
263.7166	-0.066604	0.083357
264.2683	-0.068279	0.082063
264.8200	-0.069887	0.080441
265.3717	-0.071426	0.078498
265.9234	-0.072894	0.076242
266.4751	-0.074289	0.073681
267.0268	-0.075610	0.070825
267.5785	-0.076856	0.067686
268.1302	-0.078024	0.064277
268.6819	-0.079115	0.060610
269.2337	-0.080127	0.056700
269.7854	-0.081058	0.052563
270.3371	-0.081907	0.048215
270.8888	-0.082675	0.043674
271.4405	-0.083359	0.038958
271.9922	-0.083959	0.034085
272.5439	-0.084475	0.029076
273.0956	-0.084906	0.023950
273.6473	-0.085251	0.018728
274.1990	-0.085510	0.013431
274.7507	-0.085683	0.008080
275.3024	-0.085769	0.002697
275.8542	-0.085769	-0.002697
276.4059	-0.085683	-0.008080
276.9576	-0.085510	-0.013431
277.5093	-0.085251	-0.018728
278.0610	-0.084906	-0.023950
278.6127	-0.084475	-0.029076
279.1644	-0.083959	-0.034085
279.7161	-0.083359	-0.038958
280.2678	-0.082675	-0.043674
280.8195	-0.081907	-0.048215
281.3712	-0.081058	-0.052563
281.9229	-0.080127	-0.056700
282.4747	-0.079115	-0.060610
283.0264	-0.078024	-0.064277
283.5781	-0.076856	-0.067686
284.1298	-0.075610	-0.070825
284.6815	-0.074289	-0.073681
285.2332	-0.072894	-0.076242
285.7849	-0.071426	-0.078498
286.3366	-0.069887	-0.080441
286.8883	-0.068279	-0.082063
287.4400	-0.066604	-0.083357
287.9917	-0.064862	-0.084319
288.5434	-0.063057	-0.084946
289.0952	-0.061190	-0.085234
289.6469	-0.059263	-0.085183
290.1986	-0.057278	-0.084794
290.7503	-0.055238	-0.084069
291.3020	-0.053144	-0.083010
291.8537	-0.050999	-0.081623
292.4054	-0.048805	-0.079913
292.9571	-0.046564	-0.077888
293.5088	-0.044279	-0.075556
294.0605	-0.041953	-0.072927
294.6122	-0.039587	-0.070012
295.1639	-0.037185	-0.066822
295.7157	-0.034748	-0.063372
296.2674	-0.032280	-0.059675
296.8191	-0.029783	-0.055746
297.3708	-0.027260	-0.051602
297.9225	-0.024713	-0.047260
298.4742	-0.022146	-0.042736
299.0259	-0.019560	-0.038051
299.5776	-0.016959	-0.033222
300.1293	-0.014345	-0.028270
300.6810	-0.011722	-0.023214
301.2327	-0.009091	-0.018075
301.7844	-0.006456	-0.012874
302.3362	-0.003820	-0.007632
302.8879	-0.001185	-0.002369
303.4396	0.001446	0.002893
303.9913	0.004071	0.008132
304.5430	0.006686	0.013329
305.0947	0.009288	0.018461
305.6464	0.011876	0.023510
306.1981	0.014446	0.028454
306.7498	0.016996	0.033274
307.3015	0.019523	0.037951
307.8532	0.022025	0.042467
308.4049	0.024498	0.046803
308.9567	0.026941	0.050943
309.5084	0.029350	0.054871
310.0601	0.031724	0.058571
310.6118	0.034061	0.062030
311.1635	0.036356	0.065233
311.7152	0.038609	0.068169
312.2669	0.040818	0.070826
312.8186	0.042979	0.073195
313.3703	0.045091	0.075267
313.9220	0.047151	0.077035
314.4737	0.049158	0.078491
315.0254	0.051110	0.079632
315.5772	0.053005	0.080453
316.1289	0.054840	0.080952
316.6806	0.056615	0.081128
317.2323	0.058327	0.080982
317.7840	0.059975	0.080514
318.3357	0.061557	0.079728
318.8874	0.063072	0.078627
319.4391	0.064519	0.077218
319.9908	0.065895	0.075507
320.5425	0.067201	0.073502
321.0942	0.068434	0.071211
321.6459	0.069594	0.068645
322.1977	0.070680	0.065815
322.7494	0.071691	0.062733
323.3011	0.072625	0.059412
323.8528	0.073483	0.055868
324.4045	0.074264	0.052114
324.9562	0.074966	0.048166
325.5079	0.075590	0.044042
326.0596	0.076136	0.039758
326.6113	0.076602	0.035331
327.1630	0.076989	0.030781
327.7147	0.077297	0.026126
328.2664	0.077525	0.021386
328.8182	0.077674	0.016578
329.3699	0.077743	0.011724
329.9216	0.077734	0.006842
330.4733	0.077646	0.001953
331.0250	0.077480	-0.002924
331.5767	0.077235	-0.007769
332.1284	0.076914	-0.012563
332.6801	0.076516	-0.017288
333.2318	0.076042	-0.021924
333.7835	0.075494	-0.026452
334.3352	0.074871	-0.030857
334.8869	0.074174	-0.035119
335.4387	0.073406	-0.039223
335.9904	0.072567	-0.043153
336.5421	0.071658	-0.046893
337.0938	0.070680	-0.050431
337.6455	0.069636	-0.053752
338.1972	0.068525	-0.056844
338.7489	0.067350	-0.059695
339.3006	0.066112	-0.062296
339.8523	0.064814	-0.064637
340.4040	0.063455	-0.066710
340.9557	0.062039	-0.068508
341.5074	0.060567	-0.070024
342.0592	0.059040	-0.071255
342.6109	0.057462	-0.072197
343.1626	0.055832	-0.072847
343.7143	0.054155	-0.073204
344.2660	0.052431	-0.073269
344.8177	0.050663	-0.073042
345.3694	0.048852	-0.072526
345.9211	0.047001	-0.071724
346.4728	0.045113	-0.070642
347.0245	0.043188	-0.069285
347.5762	0.041230	-0.067659
348.1279	0.039241	-0.065774
348.6797	0.037223	-0.063637
349.2314	0.035178	-0.061260
349.7831	0.033109	-0.058652
350.3348	0.031018	-0.055826
350.8865	0.028907	-0.052794
351.4382	0.026779	-0.049570
351.9899	0.024636	-0.046167
352.5416	0.022481	-0.042601
353.0933	0.020315	-0.038886
353.6450	0.018141	-0.035039
354.1967	0.015962	-0.031075
354.7484	0.013780	-0.027012
355.3002	0.011597	-0.022866
355.8519	0.009415	-0.018654
356.4036	0.007237	-0.014394
356.9553	0.005066	-0.010104
357.5070	0.002903	-0.005800
358.0587	0.000750	-0.001501
358.6104	-0.001389	0.002777
359.1621	-0.003513	0.007017
359.7138	-0.005620	0.011201
360.2655	-0.007708	0.015314
360.8172	-0.009773	0.019338
361.3689	-0.011816	0.023259
361.9207	-0.013832	0.027061
362.4724	-0.015821	0.030730
363.0241	-0.017780	0.034252
363.5758	-0.019708	0.037614
364.1275	-0.021602	0.040803
364.6792	-0.023461	0.043808
365.2309	-0.025283	0.046617
365.7826	-0.027066	0.049221
366.3343	-0.028809	0.051611
366.8860	-0.030510	0.053778
367.4377	-0.032167	0.055716
367.9894	-0.033780	0.057418
368.5412	-0.035346	0.058879
369.0929	-0.036865	0.060095
369.6446	-0.038334	0.061063
370.1963	-0.039753	0.061781
370.7480	-0.041121	0.062247
371.2997	-0.042436	0.062462
371.8514	-0.043698	0.062427
372.4031	-0.044905	0.062143
372.9548	-0.046057	0.061614
373.5065	-0.047152	0.060845
374.0582	-0.048191	0.059838
374.6099	-0.049171	0.058602
375.1617	-0.050094	0.057142
375.7134	-0.050957	0.055466
376.2651	-0.051761	0.053583
376.8168	-0.052505	0.051501
377.3685	-0.053189	0.049231
377.9202	-0.053813	0.046784
378.4719	-0.054376	0.044171
379.0236	-0.054879	0.041404
379.5753	-0.055320	0.038494
380.1270	-0.055701	0.035456
380.6787	-0.056021	0.032303
381.2304	-0.056281	0.029048
381.7822	-0.056480	0.025705
382.3339	-0.056620	0.022288
382.8856	-0.056699	0.018813
383.4373	-0.056719	0.015293
383.9890	-0.056681	0.011743
384.5407	-0.056584	0.008178
385.0924	-0.056430	0.004613
385.6441	-0.056218	0.001061
386.1958	-0.055950	-0.002463
386.7475	-0.055627	-0.005945
387.2992	-0.055249	-0.009371
387.8509	-0.054818	-0.012728
388.4027	-0.054333	-0.016003
388.9544	-0.053797	-0.019183
389.5061	-0.053210	-0.022257
390.0578	-0.052574	-0.025213
390.6095	-0.051889	-0.028040
391.1612	-0.051156	-0.030728
391.7129	-0.050378	-0.033267
392.2646	-0.049554	-0.035648
392.8163	-0.048688	-0.037864
393.3680	-0.047779	-0.039907
393.9197	-0.046830	-0.041771
394.4714	-0.045841	-0.043449
395.0232	-0.044814	-0.044936
395.5749	-0.043751	-0.046229
396.1266	-0.042654	-0.047325
396.6783	-0.041523	-0.048220
397.2300	-0.040361	-0.048913
397.7817	-0.039168	-0.049404
398.3334	-0.037947	-0.049692
398.8851	-0.036699	-0.049778
399.4368	-0.035426	-0.049665
399.9885	-0.034130	-0.049355
400.5402	-0.032812	-0.048851
401.0919	-0.031473	-0.048156
401.6437	-0.030117	-0.047277
402.1954	-0.028743	-0.046219
402.7471	-0.027355	-0.044987
403.2988	-0.025953	-0.043590
403.8505	-0.024540	-0.042033
404.4022	-0.023116	-0.040326
404.9539	-0.021685	-0.038477
405.5056	-0.020247	-0.036495
406.0573	-0.018804	-0.034389
406.6090	-0.017357	-0.032171
407.1607	-0.015910	-0.029849
407.7124	-0.014462	-0.027435
408.2642	-0.013016	-0.024939
408.8159	-0.011574	-0.022373
409.3676	-0.010136	-0.019747
409.9193	-0.008705	-0.017075
410.4710	-0.007282	-0.014365
411.0227	-0.005868	-0.011631
411.5744	-0.004465	-0.008884
412.1261	-0.003075	-0.006135
412.6778	-0.001699	-0.003395
413.2295	-0.000338	-0.000675
413.7812	0.001007	0.002013
414.3329	0.002333	0.004659
414.8847	0.003640	0.007254
415.4364	0.004927	0.009786
415.9881	0.006192	0.012247
416.5398	0.007434	0.014626
417.0915	0.008653	0.016917
417.6432	0.009846	0.019109
418.1949	0.011012	0.021196
418.7466	0.012152	0.023171
419.2983	0.013264	0.025026
419.8500	0.014346	0.026756
420.4017	0.015399	0.028355
420.9534	0.016421	0.029819
421.5052	0.017411	0.031143
422.0569	0.018369	0.032324
422.6086	0.019294	0.033358
423.1603	0.020186	0.034244
423.7120	0.021043	0.034980
424.2637	0.021866	0.035565
424.8154	0.022654	0.035999
425.3671	0.023406	0.036282
425.9188	0.024122	0.036414
426.4705	0.024801	0.036399
427.0222	0.025444	0.036237
427.5739	0.026050	0.035931
428.1257	0.026619	0.035486
428.6774	0.027150	0.034904
429.2291	0.027645	0.034190
429.7808	0.028101	0.033349
430.3325	0.028521	0.032386
430.8842	0.028903	0.031308
431.4359	0.029247	0.030119
431.9876	0.029555	0.028828
432.5393	0.029826	0.027440
433.0910	0.030059	0.025963
433.6427	0.030256	0.024404
434.1944	0.030417	0.022771
434.7462	0.030543	0.021073
435.2979	0.030632	0.019316
435.8496	0.030687	0.017510
436.4013	0.030707	0.015662
436.9530	0.030692	0.013780
437.5047	0.030645	0.011874
438.0564	0.030564	0.009952
438.6081	0.030451	0.008020
439.1598	0.030306	0.006089
439.7115	0.030130	0.004166
440.2632	0.029923	0.002258
440.8149	0.029687	0.000373
441.3667	0.029422	-0.001480
441.9184	0.029129	-0.003296
442.4701	0.028808	-0.005067
443.0218	0.028461	-0.006786
443.5735	0.028088	-0.008447
444.1252	0.027690	-0.010045
444.6769	0.027269	-0.011574
445.2286	0.026824	-0.013028
445.7803	0.026358	-0.014403
446.3320	0.025870	-0.015694
446.8837	0.025362	-0.016898
447.4354	0.024834	-0.018011
447.9872	0.024289	-0.019030
448.5389	0.023726	-0.019953
449.0906	0.023147	-0.020777
449.6423	0.022553	-0.021501
450.1940	0.021944	-0.022123
450.7457	0.021322	-0.022643
451.2974	0.020688	-0.023061
451.8491	0.020042	-0.023377
452.4008	0.019386	-0.023591
452.9525	0.018721	-0.023705
453.5042	0.018048	-0.023719
454.0559	0.017367	-0.023637
454.6077	0.016680	-0.023459
455.1594	0.015988	-0.023189
455.7111	0.015291	-0.022830
456.2628	0.014591	-0.022384
456.8145	0.013889	-0.021857
457.3662	0.013185	-0.021250
457.9179	0.012480	-0.020570
458.4696	0.011776	-0.019819
459.0213	0.011073	-0.019003
459.5730	0.010372	-0.018126
460.1247	0.009675	-0.017194
460.6764	0.008981	-0.016212
461.2282	0.008291	-0.015185
461.7799	0.007607	-0.014117
462.3316	0.006929	-0.013016
462.8833	0.006259	-0.011885
463.4350	0.005596	-0.010731
463.9867	0.004941	-0.009559
464.5384	0.004295	-0.008374
465.0901	0.003660	-0.007183
465.6418	0.003034	-0.005989
466.1935	0.002420	-0.004798
466.7452	0.001817	-0.003616
467.2969	0.001226	-0.002447
467.8487	0.000648	-0.001296
468.4004	0.000084	-0.000167
468.9521	-0.000468	0.000935
469.5038	-0.001005	0.002006
470.0555	-0.001527	0.003042
470.6072	-0.002035	0.004040
471.1589	-0.002527	0.004996
471.7106	-0.003004	0.005906
472.2623	-0.003465	0.006769
472.8140	-0.003909	0.007582
473.3657	-0.004338	0.008341
473.9174	-0.004749	0.009046
474.4692	-0.005144	0.009695
475.0209	-0.005522	0.010286
475.5726	-0.005882	0.010817
476.1243	-0.006226	0.011289
476.6760	-0.006552	0.011701
477.2277	-0.006861	0.012052
477.7794	-0.007152	0.012343
478.3311	-0.007426	0.012574
478.8828	-0.007683	0.012745
479.4345	-0.007923	0.012857
479.9862	-0.008145	0.012912
480.5379	-0.008350	0.012911
481.0896	-0.008538	0.012855
481.6414	-0.008710	0.012746
482.1931	-0.008865	0.012586
482.7448	-0.009003	0.012377
483.2965	-0.009125	0.012122
483.8482	-0.009231	0.011823
484.3999	-0.009322	0.011482
484.9516	-0.009396	0.011104
485.5033	-0.009456	0.010689
486.0550	-0.009501	0.010241
486.6067	-0.009532	0.009764
487.1584	-0.009548	0.009260
487.7101	-0.009550	0.008733
488.2619	-0.009539	0.008185
488.8136	-0.009515	0.007620
489.3653	-0.009478	0.007040
489.9170	-0.009429	0.006450
490.4687	-0.009368	0.005852
491.0204	-0.009296	0.005248
491.5721	-0.009213	0.004643
492.1238	-0.009119	0.004038
492.6755	-0.009015	0.003438
493.2272	-0.008902	0.002843
493.7789	-0.008779	0.002258
494.3306	-0.008648	0.001683
494.8824	-0.008509	0.001123
495.4341	-0.008361	0.000578
495.9858	-0.008207	0.000052
496.5375	-0.008046	-0.000455
497.0892	-0.007878	-0.000941
497.6409	-0.007705	-0.001403
498.1926	-0.007526	-0.001842
498.7443	-0.007343	-0.002254
499.2960	-0.007155	-0.002640
499.8477	-0.006963	-0.002998
500.3994	-0.006768	-0.003328
500.9511	-0.006569	-0.003629
501.5029	-0.006368	-0.003901
502.0546	-0.006165	-0.004144
502.6063	-0.005960	-0.004357
503.1580	-0.005754	-0.004541
503.7097	-0.005547	-0.004696
504.2614	-0.005339	-0.004823
504.8131	-0.005132	-0.004921
505.3648	-0.004925	-0.004991
505.9165	-0.004718	-0.005035
506.4682	-0.004512	-0.005054
507.0199	-0.004308	-0.005047
507.5716	-0.004106	-0.005017
508.1234	-0.003905	-0.004964
508.6751	-0.003708	-0.004890
509.2268	-0.003512	-0.004796
509.7785	-0.003320	-0.004684
510.3302	-0.003131	-0.004554
510.8819	-0.002945	-0.004409
511.4336	-0.002763	-0.004250
511.9853	-0.002585	-0.004078
512.5370	-0.002411	-0.003895
513.0887	-0.002242	-0.003703
513.6404	-0.002077	-0.003502
514.1921	-0.001917	-0.003296
514.7439	-0.001761	-0.003084
515.2956	-0.001611	-0.002868
515.8473	-0.001466	-0.002650
516.3990	-0.001326	-0.002431
516.9507	-0.001191	-0.002213
517.5024	-0.001062	-0.001997
518.0541	-0.000938	-0.001783
518.6058	-0.000820	-0.001573
519.1575	-0.000707	-0.001369
519.7092	-0.000600	-0.001170
520.2609	-0.000498	-0.000978
520.8126	-0.000402	-0.000793
521.3644	-0.000311	-0.000617
521.9161	-0.000226	-0.000450
522.4678	-0.000146	-0.000292
523.0195	-0.000072	-0.000144
523.5712	-0.000003	-0.000007
524.1229	0.000060	0.000121
524.6746	0.000119	0.000237
525.2263	0.000172	0.000343
525.7780	0.000221	0.000438
526.3297	0.000265	0.000523
526.8814	0.000304	0.000597
527.4331	0.000338	0.000660
527.9849	0.000368	0.000713
528.5366	0.000394	0.000757
529.0883	0.000416	0.000791
529.6400	0.000433	0.000816
530.1917	0.000447	0.000832
530.7434	0.000458	0.000841
531.2951	0.000465	0.000842
531.8468	0.000469	0.000836
532.3985	0.000470	0.000824
532.9502	0.000468	0.000806
533.5019	0.000463	0.000783
534.0536	0.000456	0.000755
534.6054	0.000447	0.000724
535.1571	0.000436	0.000689
535.7088	0.000422	0.000651
536.2605	0.000408	0.000612
536.8122	0.000391	0.000571
537.3639	0.000374	0.000529
537.9156	0.000355	0.000487
538.4673	0.000336	0.000445
539.0190	0.000316	0.000403
539.5707	0.000295	0.000362
540.1224	0.000274	0.000322
540.6741	0.000253	0.000285
541.2259	0.000232	0.000249
541.7776	0.000211	0.000215
542.3293	0.000190	0.000183
542.8810	0.000170	0.000154
543.4327	0.000150	0.000128
543.9844	0.000131	0.000105
544.5361	0.000114	0.000084
545.0878	0.000097	0.000065
545.6395	0.000081	0.000050
546.1912	0.000066	0.000037
546.7429	0.000053	0.000026
547.2946	0.000041	0.000018
547.8464	0.000030	0.000011
548.3981	0.000021	0.000007
548.9498	0.000013	0.000003
549.5015	0.000008	0.000001
550.0532	0.000003	0.000000
550.6049	0.000001	0.000000
551.1566	0.000000	0.000000
