time	x_field	y_or_z_field
0.0000	0.000000	0.000000
0.5517	0.000000	0.000001
1.1034	0.000000	0.000003
1.6551	0.000001	0.000007
2.2068	0.000002	0.000012
2.7585	0.000003	0.000018
3.3102	0.000005	0.000026
3.8620	0.000008	0.000034
4.4137	0.000012	0.000043
4.9654	0.000017	0.000052
5.5171	0.000024	0.000062
6.0688	0.000031	0.000071
6.6205	0.000041	0.000080
7.1722	0.000051	0.000088
7.7239	0.000064	0.000095
8.2756	0.000078	0.000101
8.8273	0.000094	0.000105
9.3790	0.000113	0.000106
9.9307	0.000133	0.000105
10.4825	0.000155	0.000101
11.0342	0.000180	0.000094
11.5859	0.000207	0.000083
12.1376	0.000236	0.000069
12.6893	0.000267	0.000050
13.2410	0.000301	0.000027
13.7927	0.000338	-0.000001
14.3444	0.000376	-0.000033
14.8961	0.000418	-0.000071
15.4478	0.000461	-0.000113
15.9995	0.000507	-0.000161
16.5512	0.000556	-0.000213
17.1030	0.000607	-0.000271
17.6547	0.000660	-0.000334
18.2064	0.000715	-0.000401
18.7581	0.000773	-0.000474
19.3098	0.000832	-0.000550
19.8615	0.000894	-0.000631
20.4132	0.000957	-0.000716
20.9649	0.001023	-0.000803
21.5166	0.001090	-0.000894
22.0683	0.001159	-0.000987
22.6200	0.001229	-0.001082
23.1717	0.001300	-0.001178
23.7235	0.001373	-0.001274
24.2752	0.001446	-0.001370
24.8269	0.001520	-0.001465
25.3786	0.001595	-0.001558
25.9303	0.001671	-0.001649
26.4820	0.001746	-0.001736
27.0337	0.001822	-0.001819
27.5854	0.001897	-0.001897
28.1371	0.001972	-0.001969
28.6888	0.002046	-0.002034
29.2405	0.002120	-0.002090
29.7922	0.002192	-0.002138
30.3440	0.002263	-0.002177
30.8957	0.002332	-0.002205
31.4474	0.002399	-0.002222
31.9991	0.002464	-0.002226
32.5508	0.002527	-0.002218
33.1025	0.002587	-0.002196
33.6542	0.002644	-0.002160
34.2059	0.002698	-0.002109
34.7576	0.002748	-0.002043
35.3093	0.002795	-0.001961
35.8610	0.002837	-0.001863
36.4127	0.002876	-0.001749
36.9645	0.002909	-0.001618
37.5162	0.002938	-0.001470
38.0679	0.002962	-0.001306
38.6196	0.002980	-0.001124
39.1713	0.002992	-0.000927
39.7230	0.002999	-0.000713
40.2747	0.002999	-0.000484
40.8264	0.002993	-0.000239
41.3781	0.002980	0.000020
41.9298	0.002961	0.000293
42.4815	0.002934	0.000579
43.0332	0.002900	0.000877
43.5850	0.002858	0.001186
44.1367	0.002808	0.001504
44.6884	0.002751	0.001832
45.2401	0.002685	0.002166
45.7918	0.002611	0.002506
46.3435	0.002529	0.002850
46.8952	0.002438	0.003196
47.4469	0.002338	0.003543
47.9986	0.002229	0.003889
48.5503	0.002111	0.004232
49.1020	0.001984	0.004570
49.6537	0.001848	0.004901
50.2055	0.001703	0.005224
50.7572	0.001548	0.005536
51.3089	0.001385	0.005835
51.8606	0.001211	0.006119
52.4123	0.001029	0.006387
52.9640	0.000837	0.006635
53.5157	0.000636	0.006863
54.0674	0.000425	0.007068
54.6191	0.000205	0.007248
55.1708	-0.000023	0.007402
55.7225	-0.000261	0.007528
56.2742	-0.000508	0.007624
56.8260	-0.000763	0.007689
57.3777	-0.001027	0.007721
57.9294	-0.001299	0.007719
58.4811	-0.001579	0.007681
59.0328	-0.001868	0.007607
59.5845	-0.002164	0.007496
60.1362	-0.002467	0.007347
60.6879	-0.002778	0.007160
61.2396	-0.003095	0.006933
61.7913	-0.003420	0.006667
62.3430	-0.003750	0.006362
62.8947	-0.004086	0.006019
63.4465	-0.004428	0.005636
63.9982	-0.004775	0.005215
64.5499	-0.005127	0.004758
65.1016	-0.005483	0.004263
65.6533	-0.005843	0.003734
66.2050	-0.006207	0.003171
66.7567	-0.006573	0.002575
67.3084	-0.006942	0.001950
67.8601	-0.007313	0.001295
68.4118	-0.007685	0.000615
68.9635	-0.008059	-0.000089
69.5152	-0.008432	-0.000815
70.0670	-0.008806	-0.001559
70.6187	-0.009179	-0.002319
71.1704	-0.009551	-0.003091
71.7221	-0.009921	-0.003873
72.2738	-0.010288	-0.004661
72.8255	-0.010652	-0.005452
73.3772	-0.011013	-0.006242
73.9289	-0.011370	-0.007028
74.4806	-0.011721	-0.007806
75.0323	-0.012067	-0.008571
75.5840	-0.012407	-0.009322
76.1357	-0.012740	-0.010053
76.6875	-0.013066	-0.010760
77.2392	-0.013384	-0.011441
77.7909	-0.013692	-0.012091
78.3426	-0.013992	-0.012706
78.8943	-0.014282	-0.013284
79.4460	-0.014561	-0.013819
79.9977	-0.014828	-0.014310
80.5494	-0.015084	-0.014752
81.1011	-0.015327	-0.015142
81.6528	-0.015557	-0.015478
82.2045	-0.015774	-0.015757
82.7562	-0.015976	-0.015975
83.3080	-0.016163	-0.016131
83.8597	-0.016334	-0.016222
84.4114	-0.016490	-0.016247
84.9631	-0.016628	-0.016203
85.5148	-0.016750	-0.016089
86.0665	-0.016853	-0.015905
86.6182	-0.016939	-0.015649
87.1699	-0.017005	-0.015320
87.7216	-0.017053	-0.014920
88.2733	-0.017081	-0.014446
88.8250	-0.017088	-0.013901
89.3767	-0.017075	-0.013285
89.9285	-0.017041	-0.012599
90.4802	-0.016985	-0.011845
91.0319	-0.016908	-0.011023
91.5836	-0.016809	-0.010138
92.1353	-0.016687	-0.009189
92.6870	-0.016543	-0.008182
93.2387	-0.016376	-0.007118
93.7904	-0.016185	-0.006002
94.3421	-0.015971	-0.004836
94.8938	-0.015734	-0.003625
95.4455	-0.015473	-0.002374
95.9972	-0.015188	-0.001086
96.5490	-0.014880	0.000233
97.1007	-0.014547	0.001578
97.6524	-0.014191	0.002945
98.2041	-0.013810	0.004327
98.7558	-0.013406	0.005719
99.3075	-0.012978	0.007116
99.8592	-0.012526	0.008510
100.4109	-0.012051	0.009897
100.9626	-0.011552	0.011271
101.5143	-0.011030	0.012624
102.0660	-0.010485	0.013951
102.6177	-0.009917	0.015246
103.1695	-0.009328	0.016502
103.7212	-0.008716	0.017714
104.2729	-0.008082	0.018876
104.8246	-0.007428	0.019981
105.3763	-0.006752	0.021024
105.9280	-0.006056	0.021999
106.4797	-0.005341	0.022901
107.0314	-0.004607	0.023725
107.5831	-0.003853	0.024466
108.1348	-0.003082	0.025120
108.6865	-0.002294	0.025681
109.2382	-0.001489	0.026146
109.7900	-0.000668	0.026512
110.3417	0.000168	0.026775
110.8934	0.001019	0.026931
111.4451	0.001883	0.026980
111.9968	0.002760	0.026919
112.5485	0.003649	0.026745
113.1002	0.004549	0.026459
113.6519	0.005458	0.026059
114.2036	0.006377	0.025545
114.7553	0.007304	0.024917
115.3070	0.008239	0.024177
115.8587	0.009179	0.023325
116.4105	0.010125	0.022364
116.9622	0.011074	0.021295
117.5139	0.012027	0.020122
118.0656	0.012981	0.018847
118.6173	0.013937	0.017475
119.1690	0.014892	0.016009
119.7207	0.015845	0.014455
120.2724	0.016796	0.012818
120.8241	0.017742	0.011102
121.3758	0.018684	0.009315
121.9275	0.019620	0.007462
122.4792	0.020548	0.005551
123.0310	0.021468	0.003588
123.5827	0.022377	0.001581
124.1344	0.023276	-0.000463
124.6861	0.024163	-0.002534
125.2378	0.025036	-0.004626
125.7895	0.025894	-0.006730
126.3412	0.026737	-0.008837
126.8929	0.027562	-0.010938
127.4446	0.028369	-0.013025
127.9963	0.029157	-0.015088
128.5480	0.029924	-0.017119
129.0997	0.030670	-0.019109
129.6515	0.031392	-0.021049
130.2032	0.032090	-0.022930
130.7549	0.032763	-0.024744
131.3066	0.033410	-0.026482
131.8583	0.034029	-0.028136
132.4100	0.034620	-0.029697
132.9617	0.035181	-0.031159
133.5134	0.035712	-0.032514
134.0651	0.036211	-0.033754
134.6168	0.036678	-0.034874
135.1685	0.037111	-0.035867
135.7202	0.037510	-0.036726
136.2720	0.037873	-0.037448
136.8237	0.038201	-0.038027
137.3754	0.038491	-0.038459
137.9271	0.038744	-0.038741
138.4788	0.038959	-0.038868
139.0305	0.039134	-0.038840
139.5822	0.039269	-0.038653
140.1339	0.039364	-0.038308
140.6856	0.039418	-0.037803
141.2373	0.039431	-0.037138
141.7890	0.039401	-0.036315
142.3407	0.039329	-0.035335
142.8925	0.039214	-0.034200
143.4442	0.039056	-0.032912
143.9959	0.038854	-0.031477
144.5476	0.038609	-0.029896
145.0993	0.038319	-0.028176
145.6510	0.037985	-0.026323
146.2027	0.037607	-0.024341
146.7544	0.037185	-0.022238
147.3061	0.036718	-0.020021
147.8578	0.036207	-0.017697
148.4095	0.035652	-0.015276
148.9612	0.035053	-0.012767
149.5130	0.034410	-0.010177
150.0647	0.033723	-0.007518
150.6164	0.032993	-0.004799
151.1681	0.032220	-0.002031
151.7198	0.031405	0.000775
152.2715	0.030547	0.003608
152.8232	0.029649	0.006457
153.3749	0.028709	0.009310
153.9266	0.027729	0.012156
154.4783	0.026709	0.014983
155.0300	0.025651	0.017779
155.5817	0.024555	0.020532
156.1335	0.023421	0.023230
156.6852	0.022252	0.025863
157.2369	0.021047	0.028418
157.7886	0.019807	0.030884
158.3403	0.018534	0.033251
158.8920	0.017230	0.035507
159.4437	0.015894	0.037642
159.9954	0.014528	0.039647
160.5471	0.013134	0.041511
161.0988	0.011712	0.043227
161.6505	0.010264	0.044785
162.2022	0.008792	0.046177
162.7540	0.007296	0.047397
163.3057	0.005779	0.048438
163.8574	0.004241	0.049293
164.4091	0.002685	0.049958
164.9608	0.001111	0.050428
165.5125	-0.000478	0.050699
166.0642	-0.002082	0.050769
166.6159	-0.003698	0.050635
167.1676	-0.005324	0.050297
167.7193	-0.006960	0.049753
168.2710	-0.008603	0.049004
168.8227	-0.010252	0.048051
169.3745	-0.011904	0.046897
169.9262	-0.013559	0.045544
170.4779	-0.015214	0.043996
171.0296	-0.016867	0.042259
171.5813	-0.018517	0.040336
172.1330	-0.020161	0.038235
172.6847	-0.021799	0.035963
173.2364	-0.023428	0.033527
173.7881	-0.025046	0.030936
174.3398	-0.026651	0.028200
174.8915	-0.028242	0.025328
175.4432	-0.029816	0.022330
175.9950	-0.031373	0.019219
176.5467	-0.032909	0.016005
177.0984	-0.034424	0.012702
177.6501	-0.035914	0.009321
178.2018	-0.037380	0.005876
178.7535	-0.038818	0.002381
179.3052	-0.040227	-0.001151
179.8569	-0.041606	-0.004706
180.4086	-0.042952	-0.008269
180.9603	-0.044264	-0.011826
181.5120	-0.045540	-0.015362
182.0637	-0.046778	-0.018864
182.6155	-0.047977	-0.022316
183.1672	-0.049136	-0.025704
183.7189	-0.050253	-0.029013
184.2706	-0.051325	-0.032231
184.8223	-0.052353	-0.035343
185.3740	-0.053334	-0.038335
185.9257	-0.054267	-0.041195
186.4774	-0.055150	-0.043910
187.0291	-0.055983	-0.046469
187.5808	-0.056765	-0.048859
188.1325	-0.057493	-0.051070
188.6842	-0.058166	-0.053091
189.2360	-0.058785	-0.054914
189.7877	-0.059347	-0.056529
190.3394	-0.059852	-0.057929
190.8911	-0.060299	-0.059106
191.4428	-0.060687	-0.060054
191.9945	-0.061014	-0.060768
192.5462	-0.061282	-0.061243
193.0979	-0.061488	-0.061477
193.6496	-0.061632	-0.061465
194.2013	-0.061714	-0.061208
194.7530	-0.061733	-0.060704
195.3047	-0.061689	-0.059954
195.8565	-0.061581	-0.058960
196.4082	-0.061409	-0.057723
196.9599	-0.061173	-0.056248
197.5116	-0.060873	-0.054540
198.0633	-0.060509	-0.052602
198.6150	-0.060081	-0.050443
199.1667	-0.059589	-0.048069
199.7184	-0.059032	-0.045489
200.2701	-0.058412	-0.042713
200.8218	-0.057729	-0.039749
201.3735	-0.056983	-0.036610
201.9252	-0.056174	-0.033306
202.4770	-0.055303	-0.029851
203.0287	-0.054370	-0.026257
203.5804	-0.053377	-0.022538
204.1321	-0.052324	-0.018709
204.6838	-0.051211	-0.014784
205.2355	-0.050040	-0.010779
205.7872	-0.048812	-0.006709
206.3389	-0.047527	-0.002591
206.8906	-0.046187	0.001559
207.4423	-0.044793	0.005724
207.9940	-0.043346	0.009888
208.5457	-0.041848	0.014034
209.0975	-0.040299	0.018145
209.6492	-0.038701	0.022204
210.2009	-0.037055	0.026194
210.7526	-0.035364	0.030100
211.3043	-0.033629	0.033904
211.8560	-0.031850	0.037591
212.4077	-0.030031	0.041146
212.9594	-0.028172	0.044554
213.5111	-0.026276	0.047800
214.0628	-0.024345	0.050870
214.6145	-0.022380	0.053751
215.1662	-0.020382	0.056431
215.7180	-0.018356	0.058898
216.2697	-0.016301	0.061141
216.8214	-0.014221	0.063150
217.3731	-0.012117	0.064915
217.9248	-0.009991	0.066429
218.4765	-0.007847	0.067685
219.0282	-0.005685	0.068676
219.5799	-0.003508	0.069398
220.1316	-0.001319	0.069845
220.6833	0.000881	0.070016
221.2350	0.003089	0.069908
221.7867	0.005302	0.069521
222.3385	0.007519	0.068855
222.8902	0.009737	0.067912
223.4419	0.011954	0.066694
223.9936	0.014168	0.065206
224.5453	0.016375	0.063452
225.0970	0.018574	0.061439
225.6487	0.020762	0.059173
226.2004	0.022938	0.056663
226.7521	0.025098	0.053917
227.3038	0.027240	0.050947
227.8555	0.029362	0.047764
228.4072	0.031462	0.044379
228.9590	0.033537	0.040805
229.5107	0.035586	0.037056
230.0624	0.037605	0.033147
230.6141	0.039592	0.029093
231.1658	0.041547	0.024909
231.7175	0.043465	0.020612
232.2692	0.045346	0.016220
232.8209	0.047186	0.011749
233.3726	0.048984	0.007217
233.9243	0.050739	0.002643
234.4760	0.052447	-0.001956
235.0277	0.054107	-0.006561
235.5795	0.055717	-0.011154
236.1312	0.057276	-0.015716
236.6829	0.058781	-0.020228
237.2346	0.060231	-0.024672
237.7863	0.061624	-0.029031
238.3380	0.062958	-0.033286
238.8897	0.064232	-0.037420
239.4414	0.065444	-0.041416
239.9931	0.066594	-0.045257
240.5448	0.067678	-0.048929
241.0965	0.068698	-0.052415
241.6482	0.069650	-0.055701
242.1999	0.070534	-0.058773
242.7517	0.071349	-0.061619
243.3034	0.072093	-0.064226
243.8551	0.072766	-0.066583
244.4068	0.073368	-0.068681
244.9585	0.073896	-0.070511
245.5102	0.074351	-0.072064
246.0619	0.074731	-0.073333
246.6136	0.075037	-0.074313
247.1653	0.075268	-0.075000
247.7170	0.075423	-0.075389
248.2687	0.075502	-0.075479
248.8204	0.075505	-0.075269
249.3722	0.075431	-0.074759
249.9239	0.075281	-0.073951
250.4756	0.075055	-0.072846
251.0273	0.074752	-0.071450
251.5790	0.074374	-0.069768
252.1307	0.073919	-0.067804
252.6824	0.073389	-0.065568
253.2341	0.072784	-0.063067
253.7858	0.072105	-0.060311
254.3375	0.071351	-0.057311
254.8892	0.070525	-0.054078
255.4409	0.069625	-0.050625
255.9927	0.068655	-0.046966
256.5444	0.067613	-0.043115
257.0961	0.066502	-0.039087
257.6478	0.065322	-0.034899
258.1995	0.064075	-0.030566
258.7512	0.062761	-0.026106
259.3029	0.061383	-0.021537
259.8546	0.059940	-0.016877
260.4063	0.058436	-0.012144
260.9580	0.056871	-0.007358
261.5097	0.055247	-0.002538
262.0614	0.053566	0.002297
262.6132	0.051828	0.007128
263.1649	0.050037	0.011935
263.7166	0.048194	0.016699
264.2683	0.046301	0.021400
264.8200	0.044359	0.026020
265.3717	0.042371	0.030541
265.9234	0.040339	0.034943
266.4751	0.038265	0.039209
267.0268	0.036151	0.043322
267.5785	0.033999	0.047266
268.1302	0.031811	0.051024
268.6819	0.029590	0.054581
269.2337	0.027338	0.057922
269.7854	0.025058	0.061036
270.3371	0.022751	0.063907
270.8888	0.020421	0.066526
271.4405	0.018069	0.068881
271.9922	0.015698	0.070964
272.5439	0.013311	0.072764
273.0956	0.010910	0.074276
273.6473	0.008497	0.075493
274.1990	0.006076	0.076410
274.7507	0.003648	0.077023
275.3024	0.001216	0.077331
275.8542	-0.001216	0.077331
276.4059	-0.003648	0.077023
276.9576	-0.006076	0.076410
277.5093	-0.008497	0.075493
278.0610	-0.010910	0.074276
278.6127	-0.013311	0.072764
279.1644	-0.015698	0.070964
279.7161	-0.018069	0.068881
280.2678	-0.020421	0.066526
280.8195	-0.022751	0.063907
281.3712	-0.025058	0.061036
281.9229	-0.027338	0.057922
282.4747	-0.029590	0.054581
283.0264	-0.031811	0.051024
283.5781	-0.033999	0.047266
284.1298	-0.036151	0.043322
284.6815	-0.038265	0.039209
285.2332	-0.040339	0.034943
285.7849	-0.042371	0.030541
286.3366	-0.044359	0.026020
286.8883	-0.046301	0.021400
287.4400	-0.048194	0.016699
287.9917	-0.050037	0.011935
288.5434	-0.051828	0.007128
289.0952	-0.053566	0.002297
289.6469	-0.055247	-0.002538
290.1986	-0.056871	-0.007358
290.7503	-0.058436	-0.012144
291.3020	-0.059940	-0.016877
291.8537	-0.061383	-0.021537
292.4054	-0.062761	-0.026106
292.9571	-0.064075	-0.030566
293.5088	-0.065322	-0.034899
294.0605	-0.066502	-0.039087
294.6122	-0.067613	-0.043115
295.1639	-0.068655	-0.046966
295.7157	-0.069625	-0.050625
296.2674	-0.070525	-0.054078
296.8191	-0.071351	-0.057311
297.3708	-0.072105	-0.060311
297.9225	-0.072784	-0.063067
298.4742	-0.073389	-0.065568
299.0259	-0.073919	-0.067804
299.5776	-0.074374	-0.069768
300.1293	-0.074752	-0.071450
300.6810	-0.075055	-0.072846
301.2327	-0.075281	-0.073951
301.7844	-0.075431	-0.074759
302.3362	-0.075505	-0.075269
302.8879	-0.075502	-0.075479
303.4396	-0.075423	-0.075389
303.9913	-0.075268	-0.075000
304.5430	-0.075037	-0.074313
305.0947	-0.074731	-0.073333
305.6464	-0.074351	-0.072064
306.1981	-0.073896	-0.070511
306.7498	-0.073368	-0.068681
307.3015	-0.072766	-0.066583
307.8532	-0.072093	-0.064226
308.4049	-0.071349	-0.061619
308.9567	-0.070534	-0.058773
309.5084	-0.069650	-0.055701
310.0601	-0.068698	-0.052415
310.6118	-0.067678	-0.048929
311.1635	-0.066594	-0.045257
311.7152	-0.065444	-0.041416
312.2669	-0.064232	-0.037420
312.8186	-0.062958	-0.033286
313.3703	-0.061624	-0.029031
313.9220	-0.060231	-0.024672
314.4737	-0.058781	-0.020228
315.0254	-0.057276	-0.015716
315.5772	-0.055717	-0.011154
316.1289	-0.054107	-0.006561
316.6806	-0.052447	-0.001956
317.2323	-0.050739	0.002643
317.7840	-0.048984	0.007217
318.3357	-0.047186	0.011749
318.8874	-0.045346	0.016220
319.4391	-0.043465	0.020612
319.9908	-0.041547	0.024909
320.5425	-0.039592	0.029093
321.0942	-0.037605	0.033147
321.6459	-0.035586	0.037056
322.1977	-0.033537	0.040805
322.7494	-0.031462	0.044379
323.3011	-0.029362	0.047764
323.8528	-0.027240	0.050947
324.4045	-0.025098	0.053917
324.9562	-0.022938	0.056663
325.5079	-0.020762	0.059173
326.0596	-0.018574	0.061439
326.6113	-0.016375	0.063452
327.1630	-0.014168	0.065206
327.7147	-0.011954	0.066694
328.2664	-0.009737	0.067912
328.8182	-0.007519	0.068855
329.3699	-0.005302	0.069521
329.9216	-0.003089	0.069908
330.4733	-0.000881	0.070016
331.0250	0.001319	0.069845
331.5767	0.003508	0.069398
332.1284	0.005685	0.068676
332.6801	0.007847	0.067685
333.2318	0.009991	0.066429
333.7835	0.012117	0.064915
334.3352	0.014221	0.063150
334.8869	0.016301	0.061141
335.4387	0.018356	0.058898
335.9904	0.020382	0.056431
336.5421	0.022380	0.053751
337.0938	0.024345	0.050870
337.6455	0.026276	0.047800
338.1972	0.028172	0.044554
338.7489	0.030031	0.041146
339.3006	0.031850	0.037591
339.8523	0.033629	0.033904
340.4040	0.035364	0.030100
340.9557	0.037055	0.026194
341.5074	0.038701	0.022204
342.0592	0.040299	0.018145
342.6109	0.041848	0.014034
343.1626	0.043346	0.009888
343.7143	0.044793	0.005724
344.2660	0.046187	0.001559
344.8177	0.047527	-0.002591
345.3694	0.048812	-0.006709
345.9211	0.050040	-0.010779
346.4728	0.051211	-0.014784
347.0245	0.052324	-0.018709
347.5762	0.053377	-0.022538
348.1279	0.054370	-0.026257
348.6797	0.055303	-0.029851
349.2314	0.056174	-0.033306
349.7831	0.056983	-0.036610
350.3348	0.057729	-0.039749
350.8865	0.058412	-0.042713
351.4382	0.059032	-0.045489
351.9899	0.059589	-0.048069
352.5416	0.060081	-0.050443
353.0933	0.060509	-0.052602
353.6450	0.060873	-0.054540
354.1967	0.061173	-0.056248
354.7484	0.061409	-0.057723
355.3002	0.061581	-0.058960
355.8519	0.061689	-0.059954
356.4036	0.061733	-0.060704
356.9553	0.061714	-0.061208
357.5070	0.061632	-0.061465
358.0587	0.061488	-0.061477
358.6104	0.061282	-0.061243
359.1621	0.061014	-0.060768
359.7138	0.060687	-0.060054
360.2655	0.060299	-0.059106
360.8172	0.059852	-0.057929
361.3689	0.059347	-0.056529
361.9207	0.058785	-0.054914
362.4724	0.058166	-0.053091
363.0241	0.057493	-0.051070
363.5758	0.056765	-0.048859
364.1275	0.055983	-0.046469
364.6792	0.055150	-0.043910
365.2309	0.054267	-0.041195
365.7826	0.053334	-0.038335
366.3343	0.052353	-0.035343
366.8860	0.051325	-0.032231
367.4377	0.050253	-0.029013
367.9894	0.049136	-0.025704
368.5412	0.047977	-0.022316
369.0929	0.046778	-0.018864
369.6446	0.045540	-0.015362
370.1963	0.044264	-0.011826
370.7480	0.042952	-0.008269
371.2997	0.041606	-0.004706
371.8514	0.040227	-0.001151
372.4031	0.038818	0.002381
372.9548	0.037380	0.005876
373.5065	0.035914	0.009321
374.0582	0.034424	0.012702
374.6099	0.032909	0.016005
375.1617	0.031373	0.019219
375.7134	0.029816	0.022330
376.2651	0.028242	0.025328
376.8168	0.026651	0.028200
377.3685	0.025046	0.030936
377.9202	0.023428	0.033527
378.4719	0.021799	0.035963
379.0236	0.020161	0.038235
379.5753	0.018517	0.040336
380.1270	0.016867	0.042259
380.6787	0.015214	0.043996
381.2304	0.013559	0.045544
381.7822	0.011904	0.046897
382.3339	0.010252	0.048051
382.8856	0.008603	0.049004
383.4373	0.006960	0.049753
383.9890	0.005324	0.050297
384.5407	0.003698	0.050635
385.0924	0.002082	0.050769
385.6441	0.000478	0.050699
386.1958	-0.001111	0.050428
386.7475	-0.002685	0.049958
387.2992	-0.004241	0.049293
387.8509	-0.005779	0.048438
388.4027	-0.007296	0.047397
388.9544	-0.008792	0.046177
389.5061	-0.010264	0.044785
390.0578	-0.011712	0.043227
390.6095	-0.013134	0.041511
391.1612	-0.014528	0.039647
391.7129	-0.015894	0.037642
392.2646	-0.017230	0.035507
392.8163	-0.018534	0.033251
393.3680	-0.019807	0.030884
393.9197	-0.021047	0.028418
394.4714	-0.022252	0.025863
395.0232	-0.023421	0.023230
395.5749	-0.024555	0.020532
396.1266	-0.025651	0.017779
396.6783	-0.026709	0.014983
397.2300	-0.027729	0.012156
397.7817	-0.028709	0.009310
398.3334	-0.029649	0.006457
398.8851	-0.030547	0.003608
399.4368	-0.031405	0.000775
399.9885	-0.032220	-0.002031
400.5402	-0.032993	-0.004799
401.0919	-0.033723	-0.007518
401.6437	-0.034410	-0.010177
402.1954	-0.035053	-0.012767
402.7471	-0.035652	-0.015276
403.2988	-0.036207	-0.017697
403.8505	-0.036718	-0.020021
404.4022	-0.037185	-0.022238
404.9539	-0.037607	-0.024341
405.5056	-0.037985	-0.026323
406.0573	-0.038319	-0.028176
406.6090	-0.038609	-0.029896
407.1607	-0.038854	-0.031477
407.7124	-0.039056	-0.032912
408.2642	-0.039214	-0.034200
408.8159	-0.039329	-0.035335
409.3676	-0.039401	-0.036315
409.9193	-0.039431	-0.037138
410.4710	-0.039418	-0.037803
411.0227	-0.039364	-0.038308
411.5744	-0.039269	-0.038653
412.1261	-0.039134	-0.038840
412.6778	-0.038959	-0.038868
413.2295	-0.038744	-0.038741
413.7812	-0.038491	-0.038459
414.3329	-0.038201	-0.038027
414.8847	-0.037873	-0.037448
415.4364	-0.037510	-0.036726
415.9881	-0.037111	-0.035867
416.5398	-0.036678	-0.034874
417.0915	-0.036211	-0.033754
417.6432	-0.035712	-0.032514
418.1949	-0.035181	-0.031159
418.7466	-0.034620	-0.029697
419.2983	-0.034029	-0.028136
419.8500	-0.033410	-0.026482
420.4017	-0.032763	-0.024744
420.9534	-0.032090	-0.022930
421.5052	-0.031392	-0.021049
422.0569	-0.030670	-0.019109
422.6086	-0.029924	-0.017119
423.1603	-0.029157	-0.015088
423.7120	-0.028369	-0.013025
424.2637	-0.027562	-0.010938
424.8154	-0.026737	-0.008837
425.3671	-0.025894	-0.006730
425.9188	-0.025036	-0.004626
426.4705	-0.024163	-0.002534
427.0222	-0.023276	-0.000463
427.5739	-0.022377	0.001581
428.1257	-0.021468	0.003588
428.6774	-0.020548	0.005551
429.2291	-0.019620	0.007462
429.7808	-0.018684	0.009315
430.3325	-0.017742	0.011102
430.8842	-0.016796	0.012818
431.4359	-0.015845	0.014455
431.9876	-0.014892	0.016009
432.5393	-0.013937	0.017475
433.0910	-0.012981	0.018847
433.6427	-0.012027	0.020122
434.1944	-0.011074	0.021295
434.7462	-0.010125	0.022364
435.2979	-0.009179	0.023325
435.8496	-0.008239	0.024177
436.4013	-0.007304	0.024917
436.9530	-0.006377	0.025545
437.5047	-0.005458	0.026059
438.0564	-0.004549	0.026459
438.6081	-0.003649	0.026745
439.1598	-0.002760	0.026919
439.7115	-0.001883	0.026980
440.2632	-0.001019	0.026931
440.8149	-0.000168	0.026775
441.3667	0.000668	0.026512
441.9184	0.001489	0.026146
442.4701	0.002294	0.025681
443.0218	0.003082	0.025120
443.5735	0.003853	0.024466
444.1252	0.004607	0.023725
444.6769	0.005341	0.022901
445.2286	0.006056	0.021999
445.7803	0.006752	0.021024
446.3320	0.007428	0.019981
446.8837	0.008082	0.018876
447.4354	0.008716	0.017714
447.9872	0.009328	0.016502
448.5389	0.009917	0.015246
449.0906	0.010485	0.013951
449.6423	0.011030	0.012624
450.1940	0.011552	0.011271
450.7457	0.012051	0.009897
451.2974	0.012526	0.008510
451.8491	0.012978	0.007116
452.4008	0.013406	0.005719
452.9525	0.013810	0.004327
453.5042	0.014191	0.002945
454.0559	0.014547	0.001578
454.6077	0.014880	0.000233
455.1594	0.015188	-0.001086
455.7111	0.015473	-0.002374
456.2628	0.015734	-0.003625
456.8145	0.015971	-0.004836
457.3662	0.016185	-0.006002
457.9179	0.016376	-0.007118
458.4696	0.016543	-0.008182
459.0213	0.016687	-0.009189
459.5730	0.016809	-0.010138
460.1247	0.016908	-0.011023
460.6764	0.016985	-0.011845
461.2282	0.017041	-0.012599
461.7799	0.017075	-0.013285
462.3316	0.017088	-0.013901
462.8833	0.017081	-0.014446
463.4350	0.017053	-0.014920
463.9867	0.017005	-0.015320
464.5384	0.016939	-0.015649
465.0901	0.016853	-0.015905
465.6418	0.016750	-0.016089
466.1935	0.016628	-0.016203
466.7452	0.016490	-0.016247
467.2969	0.016334	-0.016222
467.8487	0.016163	-0.016131
468.4004	0.015976	-0.015975
468.9521	0.015774	-0.015757
469.5038	0.015557	-0.015478
470.0555	0.015327	-0.015142
470.6072	0.015084	-0.014752
471.1589	0.014828	-0.014310
471.7106	0.014561	-0.013819
472.2623	0.014282	-0.013284
472.8140	0.013992	-0.012706
473.3657	0.013692	-0.012091
473.9174	0.013384	-0.011441
474.4692	0.013066	-0.010760
475.0209	0.012740	-0.010053
475.5726	0.012407	-0.009322
476.1243	0.012067	-0.008571
476.6760	0.011721	-0.007806
477.2277	0.011370	-0.007028
477.7794	0.011013	-0.006242
478.3311	0.010652	-0.005452
478.8828	0.010288	-0.004661
479.4345	0.009921	-0.003873
479.9862	0.009551	-0.003091
480.5379	0.009179	-0.002319
481.0896	0.008806	-0.001559
481.6414	0.008432	-0.000815
482.1931	0.008059	-0.000089
482.7448	0.007685	0.000615
483.2965	0.007313	0.001295
483.8482	0.006942	0.001950
484.3999	0.006573	0.002575
484.9516	0.006207	0.003171
485.5033	0.005843	0.003734
486.0550	0.005483	0.004263
486.6067	0.005127	0.004758
487.1584	0.004775	0.005215
487.7101	0.004428	0.005636
488.2619	0.004086	0.006019
488.8136	0.003750	0.006362
489.3653	0.003420	0.006667
489.9170	0.003095	0.006933
490.4687	0.002778	0.007160
491.0204	0.002467	0.007347
491.5721	0.002164	0.007496
492.1238	0.001868	0.007607
492.6755	0.001579	0.007681
493.2272	0.001299	0.007719
493.7789	0.001027	0.007721
494.3306	0.000763	0.007689
494.8824	0.000508	0.007624
495.4341	0.000261	0.007528
495.9858	0.000023	0.007402
496.5375	-0.000205	0.007248
497.0892	-0.000425	0.007068
497.6409	-0.000636	0.006863
498.1926	-0.000837	0.006635
498.7443	-0.001029	0.006387
499.2960	-0.001211	0.006119
499.8477	-0.001385	0.005835
500.3994	-0.001548	0.005536
500.9511	-0.001703	0.005224
501.5029	-0.001848	0.004901
502.0546	-0.001984	0.004570
502.6063	-0.002111	0.004232
503.1580	-0.002229	0.003889
503.7097	-0.002338	0.003543
504.2614	-0.002438	0.003196
504.8131	-0.002529	0.002850
505.3648	-0.002611	0.002506
505.9165	-0.002685	0.002166
506.4682	-0.002751	0.001832
507.0199	-0.002808	0.001504
507.5716	-0.002858	0.001186
508.1234	-0.002900	0.000877
508.6751	-0.002934	0.000579
509.2268	-0.002961	0.000293
509.7785	-0.002980	0.000020
510.3302	-0.002993	-0.000239
510.8819	-0.002999	-0.000484
511.4336	-0.002999	-0.000713
511.9853	-0.002992	-0.000927
512.5370	-0.002980	-0.001124
513.0887	-0.002962	-0.001306
513.6404	-0.002938	-0.001470
514.1921	-0.002909	-0.001618
514.7439	-0.002876	-0.001749
515.2956	-0.002837	-0.001863
515.8473	-0.002795	-0.001961
516.3990	-0.002748	-0.002043
516.9507	-0.002698	-0.002109
517.5024	-0.002644	-0.002160
518.0541	-0.002587	-0.002196
518.6058	-0.002527	-0.002218
519.1575	-0.002464	-0.002226
519.7092	-0.002399	-0.002222
520.2609	-0.002332	-0.002205
520.8126	-0.002263	-0.002177
521.3644	-0.002192	-0.002138
521.9161	-0.002120	-0.002090
522.4678	-0.002046	-0.002034
523.0195	-0.001972	-0.001969
523.5712	-0.001897	-0.001897
524.1229	-0.001822	-0.001819
524.6746	-0.001746	-0.001736
525.2263	-0.001671	-0.001649
525.7780	-0.001595	-0.001558
526.3297	-0.001520	-0.001465
526.8814	-0.001446	-0.001370
527.4331	-0.001373	-0.001274
527.9849	-0.001300	-0.001178
528.5366	-0.001229	-0.001082
529.0883	-0.001159	-0.000987
529.6400	-0.001090	-0.000894
530.1917	-0.001023	-0.000803
530.7434	-0.000957	-0.000716
531.2951	-0.000894	-0.000631
531.8468	-0.000832	-0.000550
532.3985	-0.000773	-0.000474
532.9502	-0.000715	-0.000401
533.5019	-0.000660	-0.000334
534.0536	-0.000607	-0.000271
534.6054	-0.000556	-0.000213
535.1571	-0.000507	-0.000161
535.7088	-0.000461	-0.000113
536.2605	-0.000418	-0.000071
536.8122	-0.000376	-0.000033
537.3639	-0.000338	-0.000001
537.9156	-0.000301	0.000027
538.4673	-0.000267	0.000050
539.0190	-0.000236	0.000069
539.5707	-0.000207	0.000083
540.1224	-0.000180	0.000094
540.6741	-0.000155	0.000101
541.2259	-0.000133	0.000105
541.7776	-0.000113	0.000106
542.3293	-0.000094	0.000105
542.8810	-0.000078	0.000101
543.4327	-0.000064	0.000095
543.9844	-0.000051	0.000088
544.5361	-0.000041	0.000080
545.0878	-0.000031	0.000071
545.6395	-0.000024	0.000062
546.1912	-0.000017	0.000052
546.7429	-0.000012	0.000043
547.2946	-0.000008	0.000034
547.8464	-0.000005	0.000026
548.3981	-0.000003	0.000018
548.9498	-0.000002	0.000012
549.5015	-0.000001	0.000007
550.0532	-0.000000	0.000003
550.6049	-0.000000	0.000001
551.1566	-0.000000	0.000000
