time	x_field	y_or_z_field
0.0000	0.000000	0.000000
0.5517	0.000001	-0.000000
1.1034	0.000004	-0.000000
1.6551	0.000009	-0.000000
2.2068	0.000017	-0.000001
2.7585	0.000026	-0.000002
3.3102	0.000037	-0.000003
3.8620	0.000049	-0.000005
4.4137	0.000063	-0.000008
4.9654	0.000078	-0.000011
5.5171	0.000094	-0.000015
6.0688	0.000110	-0.000019
6.6205	0.000127	-0.000024
7.1722	0.000144	-0.000030
7.7239	0.000161	-0.000036
8.2756	0.000177	-0.000043
8.8273	0.000193	-0.000050
9.3790	0.000207	-0.000057
9.9307	0.000219	-0.000064
10.4825	0.000230	-0.000071
11.0342	0.000238	-0.000077
11.5859	0.000244	-0.000084
12.1376	0.000247	-0.000089
12.6893	0.000246	-0.000093
13.2410	0.000242	-0.000096
13.7927	0.000235	-0.000097
14.3444	0.000223	-0.000097
14.8961	0.000207	-0.000094
15.4478	0.000187	-0.000088
15.9995	0.000162	-0.000079
16.5512	0.000132	-0.000067
17.1030	0.000098	-0.000052
17.6547	0.000058	-0.000032
18.2064	0.000014	-0.000008
18.7581	-0.000035	0.000021
19.3098	-0.000089	0.000055
19.8615	-0.000148	0.000094
20.4132	-0.000211	0.000139
20.9649	-0.000279	0.000190
21.5166	-0.000351	0.000247
22.0683	-0.000427	0.000311
22.6200	-0.000507	0.000381
23.1717	-0.000590	0.000458
23.7235	-0.000676	0.000542
24.2752	-0.000765	0.000633
24.8269	-0.000855	0.000732
25.3786	-0.000948	0.000837
25.9303	-0.001042	0.000949
26.4820	-0.001136	0.001069
27.0337	-0.001231	0.001195
27.5854	-0.001325	0.001327
28.1371	-0.001419	0.001466
28.6888	-0.001510	0.001611
29.2405	-0.001600	0.001762
29.7922	-0.001687	0.001917
30.3440	-0.001771	0.002077
30.8957	-0.001851	0.002242
31.4474	-0.001927	0.002409
31.9991	-0.001997	0.002580
32.5508	-0.002063	0.002752
33.1025	-0.002122	0.002926
33.6542	-0.002175	0.003100
34.2059	-0.002220	0.003274
34.7576	-0.002259	0.003447
35.3093	-0.002290	0.003617
35.8610	-0.002313	0.003783
36.4127	-0.002328	0.003946
36.9645	-0.002334	0.004102
37.5162	-0.002332	0.004253
38.0679	-0.002321	0.004395
38.6196	-0.002301	0.004529
39.1713	-0.002273	0.004653
39.7230	-0.002236	0.004765
40.2747	-0.002190	0.004866
40.8264	-0.002136	0.004953
41.3781	-0.002075	0.005025
41.9298	-0.002005	0.005082
42.4815	-0.001929	0.005123
43.0332	-0.001845	0.005145
43.5850	-0.001756	0.005149
44.1367	-0.001661	0.005134
44.6884	-0.001561	0.005098
45.2401	-0.001457	0.005041
45.7918	-0.001350	0.004961
46.3435	-0.001241	0.004859
46.8952	-0.001130	0.004734
47.4469	-0.001018	0.004585
47.9986	-0.000907	0.004412
48.5503	-0.000798	0.004214
49.1020	-0.000691	0.003991
49.6537	-0.000587	0.003744
50.2055	-0.000489	0.003471
50.7572	-0.000396	0.003174
51.3089	-0.000311	0.002852
51.8606	-0.000233	0.002506
52.4123	-0.000165	0.002135
52.9640	-0.000107	0.001742
53.5157	-0.000061	0.001326
54.0674	-0.000027	0.000888
54.6191	-0.000006	0.000430
55.1708	-0.000000	-0.000049
55.7225	-0.000009	-0.000546
56.2742	-0.000035	-0.001060
56.8260	-0.000078	-0.001591
57.3777	-0.000138	-0.002136
57.9294	-0.000217	-0.002695
58.4811	-0.000314	-0.003264
59.0328	-0.000431	-0.003843
59.5845	-0.000567	-0.004430
60.1362	-0.000724	-0.005022
60.6879	-0.000900	-0.005619
61.2396	-0.001096	-0.006217
61.7913	-0.001312	-0.006814
62.3430	-0.001548	-0.007409
62.8947	-0.001803	-0.007999
63.4465	-0.002077	-0.008582
63.9982	-0.002369	-0.009156
64.5499	-0.002678	-0.009719
65.1016	-0.003004	-0.010267
65.6533	-0.003345	-0.010800
66.2050	-0.003700	-0.011314
66.7567	-0.004068	-0.011808
67.3084	-0.004448	-0.012280
67.8601	-0.004837	-0.012726
68.4118	-0.005235	-0.013147
68.9635	-0.005639	-0.013538
69.5152	-0.006048	-0.013900
70.0670	-0.006459	-0.014229
70.6187	-0.006870	-0.014524
71.1704	-0.007280	-0.014784
71.7221	-0.007686	-0.015008
72.2738	-0.008085	-0.015193
72.8255	-0.008475	-0.015340
73.3772	-0.008853	-0.015446
73.9289	-0.009218	-0.015512
74.4806	-0.009566	-0.015536
75.0323	-0.009895	-0.015519
75.5840	-0.010202	-0.015459
76.1357	-0.010485	-0.015357
76.6875	-0.010741	-0.015212
77.2392	-0.010968	-0.015026
77.7909	-0.011162	-0.014798
78.3426	-0.011322	-0.014529
78.8943	-0.011445	-0.014220
79.4460	-0.011528	-0.013871
79.9977	-0.011571	-0.013485
80.5494	-0.011569	-0.013062
81.1011	-0.011522	-0.012604
81.6528	-0.011428	-0.012113
82.2045	-0.011284	-0.011590
82.7562	-0.011090	-0.011038
83.3080	-0.010843	-0.010458
83.8597	-0.010543	-0.009853
84.4114	-0.010189	-0.009226
84.9631	-0.009779	-0.008579
85.5148	-0.009313	-0.007915
86.0665	-0.008791	-0.007236
86.6182	-0.008213	-0.006546
87.1699	-0.007577	-0.005848
87.7216	-0.006886	-0.005143
88.2733	-0.006139	-0.004437
88.8250	-0.005337	-0.003731
89.3767	-0.004481	-0.003028
89.9285	-0.003572	-0.002333
90.4802	-0.002612	-0.001648
91.0319	-0.001602	-0.000976
91.5836	-0.000546	-0.000321
92.1353	0.000557	0.000316
92.6870	0.001701	0.000930
93.2387	0.002886	0.001518
93.7904	0.004108	0.002079
94.3421	0.005364	0.002610
94.8938	0.006651	0.003108
95.4455	0.007964	0.003570
95.9972	0.009300	0.003994
96.5490	0.010656	0.004379
97.1007	0.012026	0.004723
97.6524	0.013408	0.005024
98.2041	0.014796	0.005280
98.7558	0.016185	0.005491
99.3075	0.017572	0.005654
99.8592	0.018950	0.005771
100.4109	0.020317	0.005840
100.9626	0.021666	0.005860
101.5143	0.022993	0.005833
102.0660	0.024292	0.005757
102.6177	0.025560	0.005635
103.1695	0.026790	0.005466
103.7212	0.027979	0.005252
104.2729	0.029121	0.004993
104.8246	0.030211	0.004692
105.3763	0.031245	0.004351
105.9280	0.032219	0.003971
106.4797	0.033128	0.003556
107.0314	0.033968	0.003106
107.5831	0.034735	0.002627
108.1348	0.035425	0.002119
108.6865	0.036035	0.001588
109.2382	0.036561	0.001035
109.7900	0.037001	0.000465
110.3417	0.037351	-0.000117
110.8934	0.037609	-0.000710
111.4451	0.037773	-0.001307
111.9968	0.037841	-0.001906
112.5485	0.037811	-0.002501
113.1002	0.037682	-0.003088
113.6519	0.037454	-0.003663
114.2036	0.037126	-0.004221
114.7553	0.036697	-0.004758
115.3070	0.036168	-0.005269
115.8587	0.035540	-0.005749
116.4105	0.034813	-0.006195
116.9622	0.033989	-0.006601
117.5139	0.033069	-0.006964
118.0656	0.032056	-0.007279
118.6173	0.030952	-0.007542
119.1690	0.029759	-0.007749
119.7207	0.028482	-0.007896
120.2724	0.027123	-0.007981
120.8241	0.025686	-0.007999
121.3758	0.024176	-0.007948
121.9275	0.022596	-0.007824
122.4792	0.020952	-0.007626
123.0310	0.019248	-0.007351
123.5827	0.017491	-0.006996
124.1344	0.015684	-0.006562
124.6861	0.013835	-0.006045
125.2378	0.011948	-0.005446
125.7895	0.010030	-0.004764
126.3412	0.008088	-0.003998
126.8929	0.006127	-0.003150
127.4446	0.004154	-0.002219
127.9963	0.002175	-0.001206
128.5480	0.000197	-0.000114
129.0997	-0.001773	0.001057
129.6515	-0.003728	0.002304
130.2032	-0.005663	0.003624
130.7549	-0.007571	0.005014
131.3066	-0.009446	0.006471
131.8583	-0.011280	0.007991
132.4100	-0.013069	0.009570
132.9617	-0.014805	0.011204
133.5134	-0.016484	0.012887
134.0651	-0.018100	0.014615
134.6168	-0.019647	0.016381
135.1685	-0.021121	0.018180
135.7202	-0.022517	0.020006
136.2720	-0.023830	0.021853
136.8237	-0.025056	0.023713
137.3754	-0.026192	0.025581
137.9271	-0.027234	0.027448
138.4788	-0.028179	0.029309
139.0305	-0.029025	0.031155
139.5822	-0.029769	0.032979
140.1339	-0.030411	0.034773
140.6856	-0.030948	0.036531
141.2373	-0.031380	0.038244
141.7890	-0.031706	0.039905
142.3407	-0.031927	0.041506
142.8925	-0.032042	0.043040
143.4442	-0.032054	0.044500
143.9959	-0.031963	0.045878
144.5476	-0.031772	0.047168
145.0993	-0.031482	0.048361
145.6510	-0.031097	0.049453
146.2027	-0.030619	0.050436
146.7544	-0.030053	0.051305
147.3061	-0.029402	0.052054
147.8578	-0.028671	0.052676
148.4095	-0.027864	0.053168
148.9612	-0.026987	0.053525
149.5130	-0.026045	0.053742
150.0647	-0.025044	0.053816
150.6164	-0.023989	0.053744
151.1681	-0.022888	0.053522
151.7198	-0.021746	0.053149
152.2715	-0.020571	0.052622
152.8232	-0.019369	0.051941
153.3749	-0.018147	0.051104
153.9266	-0.016912	0.050112
154.4783	-0.015672	0.048964
155.0300	-0.014433	0.047663
155.5817	-0.013203	0.046210
156.1335	-0.011990	0.044605
156.6852	-0.010799	0.042854
157.2369	-0.009639	0.040958
157.7886	-0.008516	0.038921
158.3403	-0.007437	0.036748
158.8920	-0.006409	0.034444
159.4437	-0.005437	0.032014
159.9954	-0.004529	0.029464
160.5471	-0.003689	0.026800
161.0988	-0.002924	0.024030
161.6505	-0.002238	0.021161
162.2022	-0.001636	0.018200
162.7540	-0.001122	0.015157
163.3057	-0.000701	0.012038
163.8574	-0.000376	0.008854
164.4091	-0.000150	0.005613
164.9608	-0.000026	0.002324
165.5125	-0.000005	-0.001001
166.0642	-0.000089	-0.004354
166.6159	-0.000279	-0.007724
167.1676	-0.000577	-0.011101
167.7193	-0.000980	-0.014475
168.2710	-0.001490	-0.017836
168.8227	-0.002104	-0.021172
169.3745	-0.002822	-0.024474
169.9262	-0.003640	-0.027731
170.4779	-0.004556	-0.030933
171.0296	-0.005567	-0.034070
171.5813	-0.006668	-0.037132
172.1330	-0.007855	-0.040109
172.6847	-0.009124	-0.042993
173.2364	-0.010469	-0.045773
173.7881	-0.011884	-0.048440
174.3398	-0.013362	-0.050988
174.8915	-0.014897	-0.053407
175.4432	-0.016482	-0.055690
175.9950	-0.018109	-0.057830
176.5467	-0.019770	-0.059820
177.0984	-0.021457	-0.061654
177.6501	-0.023162	-0.063327
178.2018	-0.024876	-0.064834
178.7535	-0.026589	-0.066169
179.3052	-0.028293	-0.067331
179.8569	-0.029979	-0.068314
180.4086	-0.031637	-0.069118
180.9603	-0.033257	-0.069739
181.5120	-0.034831	-0.070178
182.0637	-0.036349	-0.070433
182.6155	-0.037801	-0.070504
183.1672	-0.039179	-0.070393
183.7189	-0.040473	-0.070101
184.2706	-0.041674	-0.069630
184.8223	-0.042775	-0.068984
185.3740	-0.043765	-0.068165
185.9257	-0.044638	-0.067177
186.4774	-0.045386	-0.066026
187.0291	-0.046001	-0.064717
187.5808	-0.046477	-0.063256
188.1325	-0.046806	-0.061649
188.6842	-0.046984	-0.059903
189.2360	-0.047004	-0.058026
189.7877	-0.046862	-0.056026
190.3394	-0.046553	-0.053912
190.8911	-0.046075	-0.051692
191.4428	-0.045423	-0.049375
191.9945	-0.044595	-0.046971
192.5462	-0.043590	-0.044491
193.0979	-0.042407	-0.041943
193.6496	-0.041045	-0.039339
194.2013	-0.039505	-0.036688
194.7530	-0.037788	-0.034003
195.3047	-0.035894	-0.031292
195.8565	-0.033828	-0.028567
196.4082	-0.031593	-0.025839
196.9599	-0.029191	-0.023119
197.5116	-0.026628	-0.020416
198.0633	-0.023910	-0.017742
198.6150	-0.021041	-0.015106
199.1667	-0.018029	-0.012519
199.7184	-0.014882	-0.009990
200.2701	-0.011606	-0.007529
200.8218	-0.008211	-0.005145
201.3735	-0.004706	-0.002847
201.9252	-0.001100	-0.000642
202.4770	0.002597	0.001461
203.0287	0.006373	0.003456
203.5804	0.010218	0.005334
204.1321	0.014121	0.007092
204.6838	0.018069	0.008721
205.2355	0.022050	0.010219
205.7872	0.026053	0.011580
206.3389	0.030064	0.012801
206.8906	0.034071	0.013878
207.4423	0.038061	0.014810
207.9940	0.042021	0.015594
208.5457	0.045937	0.016231
209.0975	0.049798	0.016719
209.6492	0.053589	0.017059
210.2009	0.057299	0.017252
210.7526	0.060914	0.017301
211.3043	0.064422	0.017207
211.8560	0.067811	0.016975
212.4077	0.071069	0.016608
212.9594	0.074185	0.016110
213.5111	0.077147	0.015487
214.0628	0.079946	0.014746
214.6145	0.082571	0.013891
215.1662	0.085012	0.012931
215.7180	0.087260	0.011872
216.2697	0.089308	0.010723
216.8214	0.091147	0.009493
217.3731	0.092770	0.008190
217.9248	0.094172	0.006823
218.4765	0.095346	0.005403
219.0282	0.096287	0.003939
219.5799	0.096993	0.002441
220.1316	0.097458	0.000919
220.6833	0.097682	-0.000614
221.2350	0.097662	-0.002150
221.7867	0.097398	-0.003677
222.3385	0.096890	-0.005185
222.8902	0.096139	-0.006662
223.4419	0.095146	-0.008098
223.9936	0.093914	-0.009483
224.5453	0.092447	-0.010806
225.0970	0.090750	-0.012056
225.6487	0.088826	-0.013225
226.2004	0.086683	-0.014303
226.7521	0.084326	-0.015279
227.3038	0.081763	-0.016147
227.8555	0.079003	-0.016897
228.4072	0.076054	-0.017521
228.9590	0.072926	-0.018012
229.5107	0.069628	-0.018364
230.0624	0.066171	-0.018570
230.6141	0.062568	-0.018624
231.1658	0.058828	-0.018523
231.7175	0.054966	-0.018262
232.2692	0.050992	-0.017836
232.8209	0.046920	-0.017245
233.3726	0.042764	-0.016485
233.9243	0.038536	-0.015556
234.4760	0.034252	-0.014456
235.0277	0.029923	-0.013188
235.5795	0.025565	-0.011750
236.1312	0.021192	-0.010147
236.6829	0.016817	-0.008380
237.2346	0.012454	-0.006452
237.7863	0.008118	-0.004369
238.3380	0.003821	-0.002135
238.8897	-0.000422	0.000244
239.4414	-0.004598	0.002762
239.9931	-0.008695	0.005410
240.5448	-0.012700	0.008182
241.0965	-0.016601	0.011069
241.6482	-0.020386	0.014061
242.1999	-0.024045	0.017148
242.7517	-0.027567	0.020321
243.3034	-0.030941	0.023568
243.8551	-0.034159	0.026879
244.4068	-0.037212	0.030241
244.9585	-0.040092	0.033641
245.5102	-0.042792	0.037069
246.0619	-0.045306	0.040510
246.6136	-0.047627	0.043953
247.1653	-0.049750	0.047383
247.7170	-0.051673	0.050787
248.2687	-0.053391	0.054152
248.8204	-0.054902	0.057465
249.3722	-0.056205	0.060711
249.9239	-0.057299	0.063879
250.4756	-0.058184	0.066954
251.0273	-0.058860	0.069923
251.5790	-0.059331	0.072775
252.1307	-0.059598	0.075496
252.6824	-0.059664	0.078074
253.2341	-0.059535	0.080497
253.7858	-0.059215	0.082755
254.3375	-0.058710	0.084836
254.8892	-0.058026	0.086731
255.4409	-0.057170	0.088430
255.9927	-0.056151	0.089924
256.5444	-0.054976	0.091204
257.0961	-0.053655	0.092262
257.6478	-0.052197	0.093094
258.1995	-0.050613	0.093691
258.7512	-0.048912	0.094048
259.3029	-0.047105	0.094162
259.8546	-0.045204	0.094029
260.4063	-0.043220	0.093646
260.9580	-0.041166	0.093011
261.5097	-0.039052	0.092123
262.0614	-0.036892	0.090982
262.6132	-0.034697	0.089589
263.1649	-0.032480	0.087946
263.7166	-0.030253	0.086055
264.2683	-0.028028	0.083920
264.8200	-0.025817	0.081545
265.3717	-0.023632	0.078937
265.9234	-0.021485	0.076100
266.4751	-0.019387	0.073042
267.0268	-0.017349	0.069771
267.5785	-0.015382	0.066295
268.1302	-0.013497	0.062624
268.6819	-0.011702	0.058768
269.2337	-0.010007	0.054738
269.7854	-0.008422	0.050545
270.3371	-0.006953	0.046201
270.8888	-0.005609	0.041718
271.4405	-0.004397	0.037111
271.9922	-0.003322	0.032392
272.5439	-0.002391	0.027576
273.0956	-0.001607	0.022677
273.6473	-0.000976	0.017709
274.1990	-0.000499	0.012688
274.7507	-0.000180	0.007628
275.3024	-0.000020	0.002545
275.8542	-0.000020	-0.002545
276.4059	-0.000180	-0.007628
276.9576	-0.000499	-0.012688
277.5093	-0.000976	-0.017709
278.0610	-0.001607	-0.022677
278.6127	-0.002391	-0.027576
279.1644	-0.003322	-0.032392
279.7161	-0.004397	-0.037111
280.2678	-0.005609	-0.041718
280.8195	-0.006953	-0.046201
281.3712	-0.008422	-0.050545
281.9229	-0.010007	-0.054738
282.4747	-0.011702	-0.058768
283.0264	-0.013497	-0.062624
283.5781	-0.015382	-0.066295
284.1298	-0.017349	-0.069771
284.6815	-0.019387	-0.073042
285.2332	-0.021485	-0.076100
285.7849	-0.023632	-0.078937
286.3366	-0.025817	-0.081545
286.8883	-0.028028	-0.083920
287.4400	-0.030253	-0.086055
287.9917	-0.032480	-0.087946
288.5434	-0.034697	-0.089589
289.0952	-0.036892	-0.090982
289.6469	-0.039052	-0.092123
290.1986	-0.041166	-0.093011
290.7503	-0.043220	-0.093646
291.3020	-0.045204	-0.094029
291.8537	-0.047105	-0.094162
292.4054	-0.048912	-0.094048
292.9571	-0.050613	-0.093691
293.5088	-0.052197	-0.093094
294.0605	-0.053655	-0.092262
294.6122	-0.054976	-0.091204
295.1639	-0.056151	-0.089924
295.7157	-0.057170	-0.088430
296.2674	-0.058026	-0.086731
296.8191	-0.058710	-0.084836
297.3708	-0.059215	-0.082755
297.9225	-0.059535	-0.080497
298.4742	-0.059664	-0.078074
299.0259	-0.059598	-0.075496
299.5776	-0.059331	-0.072775
300.1293	-0.058860	-0.069923
300.6810	-0.058184	-0.066954
301.2327	-0.057299	-0.063879
301.7844	-0.056205	-0.060711
302.3362	-0.054902	-0.057465
302.8879	-0.053391	-0.054152
303.4396	-0.051673	-0.050787
303.9913	-0.049750	-0.047383
304.5430	-0.047627	-0.043953
305.0947	-0.045306	-0.040510
305.6464	-0.042792	-0.037069
306.1981	-0.040092	-0.033641
306.7498	-0.037212	-0.030241
307.3015	-0.034159	-0.026879
307.8532	-0.030941	-0.023568
308.4049	-0.027567	-0.020321
308.9567	-0.024045	-0.017148
309.5084	-0.020386	-0.014061
310.0601	-0.016601	-0.011069
310.6118	-0.012700	-0.008182
311.1635	-0.008695	-0.005410
311.7152	-0.004598	-0.002762
312.2669	-0.000422	-0.000244
312.8186	0.003821	0.002135
313.3703	0.008118	0.004369
313.9220	0.012454	0.006452
314.4737	0.016817	0.008380
315.0254	0.021192	0.010147
315.5772	0.025565	0.011750
316.1289	0.029923	0.013188
316.6806	0.034252	0.014456
317.2323	0.038536	0.015556
317.7840	0.042764	0.016485
318.3357	0.046920	0.017245
318.8874	0.050992	0.017836
319.4391	0.054966	0.018262
319.9908	0.058828	0.018523
320.5425	0.062568	0.018624
321.0942	0.066171	0.018570
321.6459	0.069628	0.018364
322.1977	0.072926	0.018012
322.7494	0.076054	0.017521
323.3011	0.079003	0.016897
323.8528	0.081763	0.016147
324.4045	0.084326	0.015279
324.9562	0.086683	0.014303
325.5079	0.088826	0.013225
326.0596	0.090750	0.012056
326.6113	0.092447	0.010806
327.1630	0.093914	0.009483
327.7147	0.095146	0.008098
328.2664	0.096139	0.006662
328.8182	0.096890	0.005185
329.3699	0.097398	0.003677
329.9216	0.097662	0.002150
330.4733	0.097682	0.000614
331.0250	0.097458	-0.000919
331.5767	0.096993	-0.002441
332.1284	0.096287	-0.003939
332.6801	0.095346	-0.005403
333.2318	0.094172	-0.006823
333.7835	0.092770	-0.008190
334.3352	0.091147	-0.009493
334.8869	0.089308	-0.010723
335.4387	0.087260	-0.011872
335.9904	0.085012	-0.012931
336.5421	0.082571	-0.013891
337.0938	0.079946	-0.014746
337.6455	0.077147	-0.015487
338.1972	0.074185	-0.016110
338.7489	0.071069	-0.016608
339.3006	0.067811	-0.016975
339.8523	0.064422	-0.017207
340.4040	0.060914	-0.017301
340.9557	0.057299	-0.017252
341.5074	0.053589	-0.017059
342.0592	0.049798	-0.016719
342.6109	0.045937	-0.016231
343.1626	0.042021	-0.015594
343.7143	0.038061	-0.014810
344.2660	0.034071	-0.013878
344.8177	0.030064	-0.012801
345.3694	0.026053	-0.011580
345.9211	0.022050	-0.010219
346.4728	0.018069	-0.008721
347.0245	0.014121	-0.007092
347.5762	0.010218	-0.005334
348.1279	0.006373	-0.003456
348.6797	0.002597	-0.001461
349.2314	-0.001100	0.000642
349.7831	-0.004706	0.002847
350.3348	-0.008211	0.005145
350.8865	-0.011606	0.007529
351.4382	-0.014882	0.009990
351.9899	-0.018029	0.012519
352.5416	-0.021041	0.015106
353.0933	-0.023910	0.017742
353.6450	-0.026628	0.020416
354.1967	-0.029191	0.023119
354.7484	-0.031593	0.025839
355.3002	-0.033828	0.028567
355.8519	-0.035894	0.031292
356.4036	-0.037788	0.034003
356.9553	-0.039505	0.036688
357.5070	-0.041045	0.039339
358.0587	-0.042407	0.041943
358.6104	-0.043590	0.044491
359.1621	-0.044595	0.046971
359.7138	-0.045423	0.049375
360.2655	-0.046075	0.051692
360.8172	-0.046553	0.053912
361.3689	-0.046862	0.056026
361.9207	-0.047004	0.058026
362.4724	-0.046984	0.059903
363.0241	-0.046806	0.061649
363.5758	-0.046477	0.063256
364.1275	-0.046001	0.064717
364.6792	-0.045386	0.066026
365.2309	-0.044638	0.067177
365.7826	-0.043765	0.068165
366.3343	-0.042775	0.068984
366.8860	-0.041674	0.069630
367.4377	-0.040473	0.070101
367.9894	-0.039179	0.070393
368.5412	-0.037801	0.070504
369.0929	-0.036349	0.070433
369.6446	-0.034831	0.070178
370.1963	-0.033257	0.069739
370.7480	-0.031637	0.069118
371.2997	-0.029979	0.068314
371.8514	-0.028293	0.067331
372.4031	-0.026589	0.066169
372.9548	-0.024876	0.064834
373.5065	-0.023162	0.063327
374.0582	-0.021457	0.061654
374.6099	-0.019770	0.059820
375.1617	-0.018109	0.057830
375.7134	-0.016482	0.055690
376.2651	-0.014897	0.053407
376.8168	-0.013362	0.050988
377.3685	-0.011884	0.048440
377.9202	-0.010469	0.045773
378.4719	-0.009124	0.042993
379.0236	-0.007855	0.040109
379.5753	-0.006668	0.037132
380.1270	-0.005567	0.034070
380.6787	-0.004556	0.030933
381.2304	-0.003640	0.027731
381.7822	-0.002822	0.024474
382.3339	-0.002104	0.021172
382.8856	-0.001490	0.017836
383.4373	-0.000980	0.014475
383.9890	-0.000577	0.011101
384.5407	-0.000279	0.007724
385.0924	-0.000089	0.004354
385.6441	-0.000005	0.001001
386.1958	-0.000026	-0.002324
386.7475	-0.000150	-0.005613
387.2992	-0.000376	-0.008854
387.8509	-0.000701	-0.012038
388.4027	-0.001122	-0.015157
388.9544	-0.001636	-0.018200
389.5061	-0.002238	-0.021161
390.0578	-0.002924	-0.024030
390.6095	-0.003689	-0.026800
391.1612	-0.004529	-0.029464
391.7129	-0.005437	-0.032014
392.2646	-0.006409	-0.034444
392.8163	-0.007437	-0.036748
393.3680	-0.008516	-0.038921
393.9197	-0.009639	-0.040958
394.4714	-0.010799	-0.042854
395.0232	-0.011990	-0.044605
395.5749	-0.013203	-0.046210
396.1266	-0.014433	-0.047663
396.6783	-0.015672	-0.048964
397.2300	-0.016912	-0.050112
397.7817	-0.018147	-0.051104
398.3334	-0.019369	-0.051941
398.8851	-0.020571	-0.052622
399.4368	-0.021746	-0.053149
399.9885	-0.022888	-0.053522
400.5402	-0.023989	-0.053744
401.0919	-0.025044	-0.053816
401.6437	-0.026045	-0.053742
402.1954	-0.026987	-0.053525
402.7471	-0.027864	-0.053168
403.2988	-0.028671	-0.052676
403.8505	-0.029402	-0.052054
404.4022	-0.030053	-0.051305
404.9539	-0.030619	-0.050436
405.5056	-0.031097	-0.049453
406.0573	-0.031482	-0.048361
406.6090	-0.031772	-0.047168
407.1607	-0.031963	-0.045878
407.7124	-0.032054	-0.044500
408.2642	-0.032042	-0.043040
408.8159	-0.031927	-0.041506
409.3676	-0.031706	-0.039905
409.9193	-0.031380	-0.038244
410.4710	-0.030948	-0.036531
411.0227	-0.030411	-0.034773
411.5744	-0.029769	-0.032979
412.1261	-0.029025	-0.031155
412.6778	-0.028179	-0.029309
413.2295	-0.027234	-0.027448
413.7812	-0.026192	-0.025581
414.3329	-0.025056	-0.023713
414.8847	-0.023830	-0.021853
415.4364	-0.022517	-0.020006
415.9881	-0.021121	-0.018180
416.5398	-0.019647	-0.016381
417.0915	-0.018100	-0.014615
417.6432	-0.016484	-0.012887
418.1949	-0.014805	-0.011204
418.7466	-0.013069	-0.009570
419.2983	-0.011280	-0.007991
419.8500	-0.009446	-0.006471
420.4017	-0.007571	-0.005014
420.9534	-0.005663	-0.003624
421.5052	-0.003728	-0.002304
422.0569	-0.001773	-0.001057
422.6086	0.000197	0.000114
423.1603	0.002175	0.001206
423.7120	0.004154	0.002219
424.2637	0.006127	0.003150
424.8154	0.008088	0.003998
425.3671	0.010030	0.004764
425.9188	0.011948	0.005446
426.4705	0.013835	0.006045
427.0222	0.015684	0.006562
427.5739	0.017491	0.006996
428.1257	0.019248	0.007351
428.6774	0.020952	0.007626
429.2291	0.022596	0.007824
429.7808	0.024176	0.007948
430.3325	0.025686	0.007999
430.8842	0.027123	0.007981
431.4359	0.028482	0.007896
431.9876	0.029759	0.007749
432.5393	0.030952	0.007542
433.0910	0.032056	0.007279
433.6427	0.033069	0.006964
434.1944	0.033989	0.006601
434.7462	0.034813	0.006195
435.2979	0.035540	0.005749
435.8496	0.036168	0.005269
436.4013	0.036697	0.004758
436.9530	0.037126	0.004221
437.5047	0.037454	0.003663
438.0564	0.037682	0.003088
438.6081	0.037811	0.002501
439.1598	0.037841	0.001906
439.7115	0.037773	0.001307
440.2632	0.037609	0.000710
440.8149	0.037351	0.000117
441.3667	0.037001	-0.000465
441.9184	0.036561	-0.001035
442.4701	0.036035	-0.001588
443.0218	0.035425	-0.002119
443.5735	0.034735	-0.002627
444.1252	0.033968	-0.003106
444.6769	0.033128	-0.003556
445.2286	0.032219	-0.003971
445.7803	0.031245	-0.004351
446.3320	0.030211	-0.004692
446.8837	0.029121	-0.004993
447.4354	0.027979	-0.005252
447.9872	0.026790	-0.005466
448.5389	0.025560	-0.005635
449.0906	0.024292	-0.005757
449.6423	0.022993	-0.005833
450.1940	0.021666	-0.005860
450.7457	0.020317	-0.005840
451.2974	0.018950	-0.005771
451.8491	0.017572	-0.005654
452.4008	0.016185	-0.005491
452.9525	0.014796	-0.005280
453.5042	0.013408	-0.005024
454.0559	0.012026	-0.004723
454.6077	0.010656	-0.004379
455.1594	0.009300	-0.003994
455.7111	0.007964	-0.003570
456.2628	0.006651	-0.003108
456.8145	0.005364	-0.002610
457.3662	0.004108	-0.002079
457.9179	0.002886	-0.001518
458.4696	0.001701	-0.000930
459.0213	0.000557	-0.000316
459.5730	-0.000546	0.000321
460.1247	-0.001602	0.000976
460.6764	-0.002612	0.001648
461.2282	-0.003572	0.002333
461.7799	-0.004481	0.003028
462.3316	-0.005337	0.003731
462.8833	-0.006139	0.004437
463.4350	-0.006886	0.005143
463.9867	-0.007577	0.005848
464.5384	-0.008213	0.006546
465.0901	-0.008791	0.007236
465.6418	-0.009313	0.007915
466.1935	-0.009779	0.008579
466.7452	-0.010189	0.009226
467.2969	-0.010543	0.009853
467.8487	-0.010843	0.010458
468.4004	-0.011090	0.011038
468.9521	-0.011284	0.011590
469.5038	-0.011428	0.012113
470.0555	-0.011522	0.012604
470.6072	-0.011569	0.013062
471.1589	-0.011571	0.013485
471.7106	-0.011528	0.013871
472.2623	-0.011445	0.014220
472.8140	-0.011322	0.014529
473.3657	-0.011162	0.014798
473.9174	-0.010968	0.015026
474.4692	-0.010741	0.015212
475.0209	-0.010485	0.015357
475.5726	-0.010202	0.015459
476.1243	-0.009895	0.015519
476.6760	-0.009566	0.015536
477.2277	-0.009218	0.015512
477.7794	-0.008853	0.015446
478.3311	-0.008475	0.015340
478.8828	-0.008085	0.015193
479.4345	-0.007686	0.015008
479.9862	-0.007280	0.014784
480.5379	-0.006870	0.014524
481.0896	-0.006459	0.014229
481.6414	-0.006048	0.013900
482.1931	-0.005639	0.013538
482.7448	-0.005235	0.013147
483.2965	-0.004837	0.012726
483.8482	-0.004448	0.012280
484.3999	-0.004068	0.011808
484.9516	-0.003700	0.011314
485.5033	-0.003345	0.010800
486.0550	-0.003004	0.010267
486.6067	-0.002678	0.009719
487.1584	-0.002369	0.009156
487.7101	-0.002077	0.008582
488.2619	-0.001803	0.007999
488.8136	-0.001548	0.007409
489.3653	-0.001312	0.006814
489.9170	-0.001096	0.006217
490.4687	-0.000900	0.005619
491.0204	-0.000724	0.005022
491.5721	-0.000567	0.004430
492.1238	-0.000431	0.003843
492.6755	-0.000314	0.003264
493.2272	-0.000217	0.002695
493.7789	-0.000138	0.002136
494.3306	-0.000078	0.001591
494.8824	-0.000035	0.001060
495.4341	-0.000009	0.000546
495.9858	-0.000000	0.000049
496.5375	-0.000006	-0.000430
497.0892	-0.000027	-0.000888
497.6409	-0.000061	-0.001326
498.1926	-0.000107	-0.001742
498.7443	-0.000165	-0.002135
499.2960	-0.000233	-0.002506
499.8477	-0.000311	-0.002852
500.3994	-0.000396	-0.003174
500.9511	-0.000489	-0.003471
501.5029	-0.000587	-0.003744
502.0546	-0.000691	-0.003991
502.6063	-0.000798	-0.004214
503.1580	-0.000907	-0.004412
503.7097	-0.001018	-0.004585
504.2614	-0.001130	-0.004734
504.8131	-0.001241	-0.004859
505.3648	-0.001350	-0.004961
505.9165	-0.001457	-0.005041
506.4682	-0.001561	-0.005098
507.0199	-0.001661	-0.005134
507.5716	-0.001756	-0.005149
508.1234	-0.001845	-0.005145
508.6751	-0.001929	-0.005123
509.2268	-0.002005	-0.005082
509.7785	-0.002075	-0.005025
510.3302	-0.002136	-0.004953
510.8819	-0.002190	-0.004866
511.4336	-0.002236	-0.004765
511.9853	-0.002273	-0.004653
512.5370	-0.002301	-0.004529
513.0887	-0.002321	-0.004395
513.6404	-0.002332	-0.004253
514.1921	-0.002334	-0.004102
514.7439	-0.002328	-0.003946
515.2956	-0.002313	-0.003783
515.8473	-0.002290	-0.003617
516.3990	-0.002259	-0.003447
516.9507	-0.002220	-0.003274
517.5024	-0.002175	-0.003100
518.0541	-0.002122	-0.002926
518.6058	-0.002063	-0.002752
519.1575	-0.001997	-0.002580
519.7092	-0.001927	-0.002409
520.2609	-0.001851	-0.002242
520.8126	-0.001771	-0.002077
521.3644	-0.001687	-0.001917
521.9161	-0.001600	-0.001762
522.4678	-0.001510	-0.001611
523.0195	-0.001419	-0.001466
523.5712	-0.001325	-0.001327
524.1229	-0.001231	-0.001195
524.6746	-0.001136	-0.001069
525.2263	-0.001042	-0.000949
525.7780	-0.000948	-0.000837
526.3297	-0.000855	-0.000732
526.8814	-0.000765	-0.000633
527.4331	-0.000676	-0.000542
527.9849	-0.000590	-0.000458
528.5366	-0.000507	-0.000381
529.0883	-0.000427	-0.000311
529.6400	-0.000351	-0.000247
530.1917	-0.000279	-0.000190
530.7434	-0.000211	-0.000139
531.2951	-0.000148	-0.000094
531.8468	-0.000089	-0.000055
532.3985	-0.000035	-0.000021
532.9502	0.000014	0.000008
533.5019	0.000058	0.000032
534.0536	0.000098	0.000052
534.6054	0.000132	0.000067
535.1571	0.000162	0.000079
535.7088	0.000187	0.000088
536.2605	0.000207	0.000094
536.8122	0.000223	0.000097
537.3639	0.000235	0.000097
537.9156	0.000242	0.000096
538.4673	0.000246	0.000093
539.0190	0.000247	0.000089
539.5707	0.000244	0.000084
540.1224	0.000238	0.000077
540.6741	0.000230	0.000071
541.2259	0.000219	0.000064
541.7776	0.000207	0.000057
542.3293	0.000193	0.000050
542.8810	0.000177	0.000043
543.4327	0.000161	0.000036
543.9844	0.000144	0.000030
544.5361	0.000127	0.000024
545.0878	0.000110	0.000019
545.6395	0.000094	0.000015
546.1912	0.000078	0.000011
546.7429	0.000063	0.000008
547.2946	0.000049	0.000005
547.8464	0.000037	0.000003
548.3981	0.000026	0.000002
548.9498	0.000017	0.000001
549.5015	0.000009	0.000000
550.0532	0.000004	0.000000
550.6049	0.000001	0.000000
551.1566	0.000000	0.000000
