time	x_field	y_or_z_field
0.0000	0.000000	0.000000
0.5517	0.000000	0.000000
1.1034	0.000000	0.000000
1.6551	0.000001	0.000000
2.2068	0.000002	0.000000
2.7585	0.000004	0.000000
3.3102	0.000007	0.000000
3.8620	0.000011	0.000000
4.4137	0.000017	0.000000
4.9654	0.000024	0.000001
5.5171	0.000033	0.000001
6.0688	0.000044	0.000001
6.6205	0.000056	0.000002
7.1722	0.000072	0.000003
7.7239	0.000089	0.000003
8.2756	0.000109	0.000005
8.8273	0.000132	0.000006
9.3790	0.000157	0.000007
9.9307	0.000185	0.000009
10.4825	0.000216	0.000011
11.0342	0.000251	0.000014
11.5859	0.000288	0.000017
12.1376	0.000329	0.000020
12.6893	0.000373	0.000024
13.2410	0.000420	0.000028
13.7927	0.000471	0.000033
14.3444	0.000525	0.000038
14.8961	0.000583	0.000043
15.4478	0.000643	0.000050
15.9995	0.000707	0.000057
16.5512	0.000775	0.000064
17.1030	0.000845	0.000072
17.6547	0.000919	0.000081
18.2064	0.000996	0.000091
18.7581	0.001075	0.000101
19.3098	0.001158	0.000112
19.8615	0.001243	0.000124
20.4132	0.001331	0.000136
20.9649	0.001421	0.000149
21.5166	0.001513	0.000163
22.0683	0.001607	0.000178
22.6200	0.001703	0.000193
23.1717	0.001800	0.000210
23.7235	0.001899	0.000226
24.2752	0.001998	0.000244
24.8269	0.002099	0.000262
25.3786	0.002200	0.000281
25.9303	0.002300	0.000300
26.4820	0.002401	0.000320
27.0337	0.002501	0.000340
27.5854	0.002601	0.000361
28.1371	0.002699	0.000382
28.6888	0.002795	0.000404
29.2405	0.002890	0.000426
29.7922	0.002982	0.000448
30.3440	0.003072	0.000470
30.8957	0.003158	0.000492
31.4474	0.003241	0.000514
31.9991	0.003321	0.000536
32.5508	0.003396	0.000558
33.1025	0.003466	0.000579
33.6542	0.003531	0.000600
34.2059	0.003590	0.000620
34.7576	0.003644	0.000640
35.3093	0.003691	0.000659
35.8610	0.003732	0.000676
36.4127	0.003765	0.000693
36.9645	0.003791	0.000709
37.5162	0.003809	0.000723
38.0679	0.003818	0.000736
38.6196	0.003819	0.000747
39.1713	0.003810	0.000756
39.7230	0.003792	0.000763
40.2747	0.003764	0.000768
40.8264	0.003726	0.000771
41.3781	0.003678	0.000772
41.9298	0.003618	0.000770
42.4815	0.003548	0.000765
43.0332	0.003466	0.000757
43.5850	0.003372	0.000747
44.1367	0.003267	0.000733
44.6884	0.003149	0.000716
45.2401	0.003019	0.000695
45.7918	0.002876	0.000670
46.3435	0.002720	0.000642
46.8952	0.002552	0.000610
47.4469	0.002371	0.000573
47.9986	0.002176	0.000533
48.5503	0.001969	0.000488
49.1020	0.001748	0.000438
49.6537	0.001514	0.000384
50.2055	0.001268	0.000325
50.7572	0.001008	0.000261
51.3089	0.000735	0.000193
51.8606	0.000449	0.000119
52.4123	0.000150	0.000040
52.9640	-0.000161	-0.000044
53.5157	-0.000484	-0.000133
54.0674	-0.000820	-0.000227
54.6191	-0.001167	-0.000327
55.1708	-0.001526	-0.000432
55.7225	-0.001896	-0.000542
56.2742	-0.002277	-0.000658
56.8260	-0.002668	-0.000779
57.3777	-0.003069	-0.000905
57.9294	-0.003480	-0.001037
58.4811	-0.003899	-0.001174
59.0328	-0.004327	-0.001316
59.5845	-0.004762	-0.001462
60.1362	-0.005205	-0.001614
60.6879	-0.005655	-0.001771
61.2396	-0.006110	-0.001932
61.7913	-0.006570	-0.002097
62.3430	-0.007035	-0.002267
62.8947	-0.007504	-0.002441
63.4465	-0.007976	-0.002619
63.9982	-0.008449	-0.002800
64.5499	-0.008924	-0.002985
65.1016	-0.009400	-0.003173
65.6533	-0.009875	-0.003363
66.2050	-0.010349	-0.003557
66.7567	-0.010820	-0.003752
67.3084	-0.011288	-0.003949
67.8601	-0.011752	-0.004148
68.4118	-0.012211	-0.004348
68.9635	-0.012664	-0.004548
69.5152	-0.013109	-0.004749
70.0670	-0.013547	-0.004950
70.6187	-0.013975	-0.005150
71.1704	-0.014393	-0.005350
71.7221	-0.014800	-0.005547
72.2738	-0.015195	-0.005743
72.8255	-0.015577	-0.005937
73.3772	-0.015944	-0.006127
73.9289	-0.016296	-0.006314
74.4806	-0.016631	-0.006497
75.0323	-0.016949	-0.006675
75.5840	-0.017249	-0.006848
76.1357	-0.017529	-0.007015
76.6875	-0.017790	-0.007176
77.2392	-0.018028	-0.007331
77.7909	-0.018245	-0.007477
78.3426	-0.018438	-0.007616
78.8943	-0.018608	-0.007746
79.4460	-0.018752	-0.007867
79.9977	-0.018871	-0.007978
80.5494	-0.018963	-0.008079
81.1011	-0.019028	-0.008169
81.6528	-0.019065	-0.008247
82.2045	-0.019073	-0.008313
82.7562	-0.019051	-0.008366
83.3080	-0.019000	-0.008406
83.8597	-0.018917	-0.008432
84.4114	-0.018804	-0.008444
84.9631	-0.018659	-0.008441
85.5148	-0.018482	-0.008422
86.0665	-0.018272	-0.008387
86.6182	-0.018029	-0.008336
87.1699	-0.017754	-0.008268
87.7216	-0.017445	-0.008183
88.2733	-0.017102	-0.008080
88.8250	-0.016726	-0.007959
89.3767	-0.016316	-0.007819
89.9285	-0.015872	-0.007660
90.4802	-0.015395	-0.007482
91.0319	-0.014884	-0.007285
91.5836	-0.014340	-0.007068
92.1353	-0.013763	-0.006831
92.6870	-0.013154	-0.006573
93.2387	-0.012512	-0.006296
93.7904	-0.011838	-0.005998
94.3421	-0.011133	-0.005679
94.8938	-0.010397	-0.005340
95.4455	-0.009631	-0.004980
95.9972	-0.008836	-0.004600
96.5490	-0.008013	-0.004200
97.1007	-0.007162	-0.003779
97.6524	-0.006284	-0.003338
98.2041	-0.005381	-0.002877
98.7558	-0.004453	-0.002397
99.3075	-0.003501	-0.001897
99.8592	-0.002527	-0.001378
100.4109	-0.001532	-0.000841
100.9626	-0.000518	-0.000286
101.5143	0.000515	0.000286
102.0660	0.001565	0.000876
102.6177	0.002630	0.001482
103.1695	0.003709	0.002103
103.7212	0.004801	0.002740
104.2729	0.005903	0.003391
104.8246	0.007014	0.004055
105.3763	0.008133	0.004731
105.9280	0.009257	0.005419
106.4797	0.010385	0.006118
107.0314	0.011514	0.006826
107.5831	0.012644	0.007543
108.1348	0.013772	0.008268
108.6865	0.014895	0.008998
109.2382	0.016013	0.009734
109.7900	0.017124	0.010474
110.3417	0.018224	0.011216
110.8934	0.019313	0.011960
111.4451	0.020388	0.012703
111.9968	0.021447	0.013445
112.5485	0.022488	0.014185
113.1002	0.023509	0.014920
113.6519	0.024508	0.015649
114.2036	0.025484	0.016371
114.7553	0.026433	0.017084
115.3070	0.027355	0.017787
115.8587	0.028247	0.018478
116.4105	0.029107	0.019156
116.9622	0.029934	0.019818
117.5139	0.030724	0.020464
118.0656	0.031478	0.021091
118.6173	0.032192	0.021699
119.1690	0.032866	0.022285
119.7207	0.033497	0.022848
120.2724	0.034084	0.023386
120.8241	0.034624	0.023898
121.3758	0.035118	0.024382
121.9275	0.035563	0.024836
122.4792	0.035957	0.025260
123.0310	0.036301	0.025651
123.5827	0.036591	0.026008
124.1344	0.036828	0.026329
124.6861	0.037009	0.026613
125.2378	0.037135	0.026859
125.7895	0.037204	0.027066
126.3412	0.037215	0.027231
126.8929	0.037168	0.027354
127.4446	0.037061	0.027434
127.9963	0.036896	0.027469
128.5480	0.036670	0.027459
129.0997	0.036384	0.027402
129.6515	0.036037	0.027297
130.2032	0.035630	0.027144
130.7549	0.035163	0.026941
131.3066	0.034635	0.026688
131.8583	0.034046	0.026385
132.4100	0.033398	0.026030
132.9617	0.032690	0.025624
133.5134	0.031924	0.025166
134.0651	0.031099	0.024655
134.6168	0.030217	0.024091
135.1685	0.029278	0.023475
135.7202	0.028284	0.022807
136.2720	0.027235	0.022085
136.8237	0.026133	0.021312
137.3754	0.024980	0.020486
137.9271	0.023776	0.019609
138.4788	0.022523	0.018680
139.0305	0.021224	0.017701
139.5822	0.019879	0.016673
140.1339	0.018490	0.015595
140.6856	0.017060	0.014470
141.2373	0.015591	0.013298
141.7890	0.014085	0.012080
142.3407	0.012543	0.010818
142.8925	0.010969	0.009514
143.4442	0.009365	0.008168
143.9959	0.007733	0.006782
144.5476	0.006076	0.005359
145.0993	0.004397	0.003899
145.6510	0.002698	0.002406
146.2027	0.000982	0.000880
146.7544	-0.000748	-0.000675
147.3061	-0.002490	-0.002257
147.8578	-0.004239	-0.003865
148.4095	-0.005994	-0.005496
148.9612	-0.007751	-0.007146
149.5130	-0.009507	-0.008814
150.0647	-0.011260	-0.010496
150.6164	-0.013005	-0.012190
151.1681	-0.014740	-0.013894
151.7198	-0.016462	-0.015603
152.2715	-0.018168	-0.017315
152.8232	-0.019854	-0.019027
153.3749	-0.021518	-0.020735
153.9266	-0.023156	-0.022438
154.4783	-0.024766	-0.024130
155.0300	-0.026343	-0.025809
155.5817	-0.027886	-0.027472
156.1335	-0.029392	-0.029115
156.6852	-0.030856	-0.030735
157.2369	-0.032277	-0.032328
157.7886	-0.033652	-0.033891
158.3403	-0.034978	-0.035421
158.8920	-0.036251	-0.036914
159.4437	-0.037471	-0.038368
159.9954	-0.038634	-0.039777
160.5471	-0.039737	-0.041140
161.0988	-0.040779	-0.042452
161.6505	-0.041758	-0.043711
162.2022	-0.042670	-0.044914
162.7540	-0.043514	-0.046056
163.3057	-0.044289	-0.047136
163.8574	-0.044991	-0.048149
164.4091	-0.045621	-0.049094
164.9608	-0.046176	-0.049966
165.5125	-0.046654	-0.050764
166.0642	-0.047056	-0.051485
166.6159	-0.047378	-0.052126
167.1676	-0.047621	-0.052685
167.7193	-0.047784	-0.053159
168.2710	-0.047865	-0.053546
168.8227	-0.047865	-0.053844
169.3745	-0.047783	-0.054051
169.9262	-0.047619	-0.054165
170.4779	-0.047372	-0.054185
171.0296	-0.047043	-0.054110
171.5813	-0.046632	-0.053937
172.1330	-0.046140	-0.053666
172.6847	-0.045566	-0.053295
173.2364	-0.044912	-0.052825
173.7881	-0.044179	-0.052254
174.3398	-0.043367	-0.051582
174.8915	-0.042479	-0.050809
175.4432	-0.041514	-0.049934
175.9950	-0.040475	-0.048958
176.5467	-0.039363	-0.047882
177.0984	-0.038180	-0.046705
177.6501	-0.036929	-0.045429
178.2018	-0.035610	-0.044055
178.7535	-0.034227	-0.042583
179.3052	-0.032781	-0.041016
179.8569	-0.031276	-0.039355
180.4086	-0.029713	-0.037601
180.9603	-0.028096	-0.035757
181.5120	-0.026428	-0.033825
182.0637	-0.024711	-0.031808
182.6155	-0.022948	-0.029708
183.1672	-0.021143	-0.027528
183.7189	-0.019299	-0.025271
184.2706	-0.017419	-0.022940
184.8223	-0.015507	-0.020540
185.3740	-0.013566	-0.018072
185.9257	-0.011600	-0.015543
186.4774	-0.009613	-0.012954
187.0291	-0.007608	-0.010311
187.5808	-0.005588	-0.007618
188.1325	-0.003559	-0.004880
188.6842	-0.001523	-0.002100
189.2360	0.000515	0.000715
189.7877	0.002553	0.003562
190.3394	0.004585	0.006434
190.8911	0.006608	0.009328
191.4428	0.008618	0.012236
191.9945	0.010611	0.015155
192.5462	0.012584	0.018079
193.0979	0.014532	0.021001
193.6496	0.016452	0.023917
194.2013	0.018341	0.026820
194.7530	0.020194	0.029706
195.3047	0.022007	0.032567
195.8565	0.023779	0.035398
196.4082	0.025504	0.038194
196.9599	0.027180	0.040948
197.5116	0.028804	0.043655
198.0633	0.030372	0.046308
198.6150	0.031881	0.048903
199.1667	0.033328	0.051433
199.7184	0.034711	0.053892
200.2701	0.036027	0.056276
200.8218	0.037273	0.058578
201.3735	0.038447	0.060792
201.9252	0.039547	0.062915
202.4770	0.040571	0.064940
203.0287	0.041516	0.066863
203.5804	0.042381	0.068679
204.1321	0.043165	0.070382
204.6838	0.043865	0.071969
205.2355	0.044481	0.073434
205.7872	0.045011	0.074775
206.3389	0.045455	0.075986
206.8906	0.045812	0.077064
207.4423	0.046081	0.078006
207.9940	0.046262	0.078808
208.5457	0.046355	0.079467
209.0975	0.046359	0.079981
209.6492	0.046276	0.080346
210.2009	0.046104	0.080562
210.7526	0.045846	0.080625
211.3043	0.045500	0.080534
211.8560	0.045070	0.080288
212.4077	0.044555	0.079886
212.9594	0.043956	0.079327
213.5111	0.043276	0.078610
214.0628	0.042516	0.077736
214.6145	0.041678	0.076705
215.1662	0.040763	0.075518
215.7180	0.039774	0.074174
216.2697	0.038713	0.072676
216.8214	0.037582	0.071025
217.3731	0.036385	0.069223
217.9248	0.035123	0.067272
218.4765	0.033800	0.065176
219.0282	0.032418	0.062935
219.5799	0.030981	0.060555
220.1316	0.029492	0.058038
220.6833	0.027953	0.055389
221.2350	0.026370	0.052611
221.7867	0.024744	0.049710
222.3385	0.023080	0.046689
222.8902	0.021381	0.043554
223.4419	0.019651	0.040311
223.9936	0.017894	0.036965
224.5453	0.016113	0.033522
225.0970	0.014313	0.029989
225.6487	0.012497	0.026371
226.2004	0.010670	0.022676
226.7521	0.008834	0.018910
227.3038	0.006995	0.015081
227.8555	0.005155	0.011196
228.4072	0.003320	0.007262
228.9590	0.001492	0.003287
229.5107	-0.000324	-0.000720
230.0624	-0.002125	-0.004752
230.6141	-0.003907	-0.008802
231.1658	-0.005665	-0.012859
231.7175	-0.007397	-0.016917
232.2692	-0.009099	-0.020967
232.8209	-0.010768	-0.025000
233.3726	-0.012399	-0.029008
233.9243	-0.013990	-0.032982
234.4760	-0.015538	-0.036915
235.0277	-0.017040	-0.040796
235.5795	-0.018492	-0.044619
236.1312	-0.019892	-0.048374
236.6829	-0.021237	-0.052053
237.2346	-0.022525	-0.055648
237.7863	-0.023753	-0.059150
238.3380	-0.024920	-0.062553
238.8897	-0.026022	-0.065848
239.4414	-0.027058	-0.069027
239.9931	-0.028027	-0.072083
240.5448	-0.028927	-0.075008
241.0965	-0.029756	-0.077796
241.6482	-0.030513	-0.080440
242.1999	-0.031197	-0.082933
242.7517	-0.031808	-0.085270
243.3034	-0.032344	-0.087443
243.8551	-0.032805	-0.089448
244.4068	-0.033191	-0.091279
244.9585	-0.033502	-0.092931
245.5102	-0.033738	-0.094400
246.0619	-0.033898	-0.095681
246.6136	-0.033984	-0.096770
247.1653	-0.033996	-0.097664
247.7170	-0.033934	-0.098361
248.2687	-0.033800	-0.098856
248.8204	-0.033595	-0.099149
249.3722	-0.033320	-0.099236
249.9239	-0.032976	-0.099118
250.4756	-0.032565	-0.098792
251.0273	-0.032090	-0.098259
251.5790	-0.031550	-0.097519
252.1307	-0.030950	-0.096571
252.6824	-0.030290	-0.095418
253.2341	-0.029573	-0.094059
253.7858	-0.028802	-0.092498
254.3375	-0.027979	-0.090736
254.8892	-0.027107	-0.088776
255.4409	-0.026188	-0.086622
255.9927	-0.025226	-0.084277
256.5444	-0.024222	-0.081745
257.0961	-0.023181	-0.079031
257.6478	-0.022105	-0.076139
258.1995	-0.020998	-0.073076
258.7512	-0.019861	-0.069848
259.3029	-0.018700	-0.066459
259.8546	-0.017516	-0.062918
260.4063	-0.016314	-0.059231
260.9580	-0.015096	-0.055405
261.5097	-0.013866	-0.051449
262.0614	-0.012626	-0.047371
262.6132	-0.011381	-0.043178
263.1649	-0.010134	-0.038880
263.7166	-0.008887	-0.034486
264.2683	-0.007644	-0.030004
264.8200	-0.006408	-0.025445
265.3717	-0.005182	-0.020819
265.9234	-0.003969	-0.016135
266.4751	-0.002771	-0.011403
267.0268	-0.001593	-0.006634
267.5785	-0.000436	-0.001838
268.1302	0.000697	0.002974
268.6819	0.001803	0.007791
269.2337	0.002880	0.012604
269.7854	0.003925	0.017400
270.3371	0.004937	0.022169
270.8888	0.005913	0.026901
271.4405	0.006851	0.031585
271.9922	0.007749	0.036210
272.5439	0.008607	0.040765
273.0956	0.009421	0.045240
273.6473	0.010192	0.049625
274.1990	0.010917	0.053909
274.7507	0.011595	0.058082
275.3024	0.012226	0.062136
275.8542	0.012809	0.066059
276.4059	0.013343	0.069843
276.9576	0.013828	0.073480
277.5093	0.014263	0.076959
278.0610	0.014648	0.080273
278.6127	0.014984	0.083414
279.1644	0.015269	0.086374
279.7161	0.015506	0.089146
280.2678	0.015694	0.091724
280.8195	0.015833	0.094100
281.3712	0.015925	0.096268
281.9229	0.015971	0.098225
282.4747	0.015970	0.099963
283.0264	0.015926	0.101479
283.5781	0.015838	0.102770
284.1298	0.015708	0.103830
284.6815	0.015538	0.104658
285.2332	0.015330	0.105251
285.7849	0.015084	0.105607
286.3366	0.014803	0.105725
286.8883	0.014490	0.105604
287.4400	0.014145	0.105245
287.9917	0.013770	0.104646
288.5434	0.013369	0.103810
289.0952	0.012943	0.102738
289.6469	0.012494	0.101431
290.1986	0.012025	0.099894
290.7503	0.011538	0.098128
291.3020	0.011035	0.096138
291.8537	0.010519	0.093928
292.4054	0.009992	0.091503
292.9571	0.009456	0.088868
293.5088	0.008914	0.086029
294.0605	0.008368	0.082993
294.6122	0.007821	0.079767
295.1639	0.007274	0.076357
295.7157	0.006730	0.072772
296.2674	0.006191	0.069021
296.8191	0.005659	0.065111
297.3708	0.005137	0.061053
297.9225	0.004626	0.056854
298.4742	0.004128	0.052526
299.0259	0.003645	0.048079
299.5776	0.003179	0.043523
300.1293	0.002731	0.038868
300.6810	0.002303	0.034127
301.2327	0.001897	0.029309
301.7844	0.001513	0.024427
302.3362	0.001154	0.019493
302.8879	0.000819	0.014518
303.4396	0.000510	0.009513
303.9913	0.000229	0.004492
304.5430	-0.000026	-0.000534
305.0947	-0.000252	-0.005552
305.6464	-0.000449	-0.010552
306.1981	-0.000618	-0.015519
306.7498	-0.000758	-0.020444
307.3015	-0.000868	-0.025313
307.8532	-0.000950	-0.030114
308.4049	-0.001003	-0.034837
308.9567	-0.001027	-0.039470
309.5084	-0.001023	-0.044001
310.0601	-0.000993	-0.048420
310.6118	-0.000935	-0.052715
311.1635	-0.000852	-0.056877
311.7152	-0.000744	-0.060895
312.2669	-0.000613	-0.064760
312.8186	-0.000459	-0.068462
313.3703	-0.000284	-0.071992
313.9220	-0.000089	-0.075342
314.4737	0.000123	-0.078503
315.0254	0.000353	-0.081468
315.5772	0.000597	-0.084231
316.1289	0.000855	-0.086783
316.6806	0.001124	-0.089120
317.2323	0.001402	-0.091235
317.7840	0.001688	-0.093124
318.3357	0.001980	-0.094782
318.8874	0.002275	-0.096206
319.4391	0.002572	-0.097392
319.9908	0.002868	-0.098338
320.5425	0.003162	-0.099041
321.0942	0.003452	-0.099501
321.6459	0.003734	-0.099716
322.1977	0.004009	-0.099686
322.7494	0.004272	-0.099413
323.3011	0.004524	-0.098896
323.8528	0.004760	-0.098138
324.4045	0.004981	-0.097141
324.9562	0.005183	-0.095909
325.5079	0.005365	-0.094444
326.0596	0.005525	-0.092750
326.6113	0.005663	-0.090834
327.1630	0.005775	-0.088699
327.7147	0.005862	-0.086352
328.2664	0.005921	-0.083800
328.8182	0.005951	-0.081049
329.3699	0.005952	-0.078106
329.9216	0.005922	-0.074980
330.4733	0.005860	-0.071679
331.0250	0.005766	-0.068213
331.5767	0.005639	-0.064589
332.1284	0.005479	-0.060818
332.6801	0.005285	-0.056911
333.2318	0.005058	-0.052877
333.7835	0.004797	-0.048727
334.3352	0.004502	-0.044472
334.8869	0.004173	-0.040123
335.4387	0.003812	-0.035693
335.9904	0.003418	-0.031191
336.5421	0.002993	-0.026632
337.0938	0.002537	-0.022026
337.6455	0.002051	-0.017385
338.1972	0.001536	-0.012722
338.7489	0.000995	-0.008048
339.3006	0.000427	-0.003377
339.8523	-0.000165	0.001280
340.4040	-0.000780	0.005911
340.9557	-0.001416	0.010504
341.5074	-0.002071	0.015047
342.0592	-0.002742	0.019529
342.6109	-0.003428	0.023937
343.1626	-0.004127	0.028260
343.7143	-0.004836	0.032488
344.2660	-0.005553	0.036610
344.8177	-0.006275	0.040616
345.3694	-0.007000	0.044495
345.9211	-0.007726	0.048237
346.4728	-0.008448	0.051834
347.0245	-0.009166	0.055276
347.5762	-0.009876	0.058556
348.1279	-0.010575	0.061664
348.6797	-0.011261	0.064594
349.2314	-0.011931	0.067339
349.7831	-0.012582	0.069892
350.3348	-0.013212	0.072248
350.8865	-0.013818	0.074400
351.4382	-0.014397	0.076345
351.9899	-0.014947	0.078078
352.5416	-0.015466	0.079595
353.0933	-0.015950	0.080894
353.6450	-0.016397	0.081972
354.1967	-0.016806	0.082827
354.7484	-0.017174	0.083459
355.3002	-0.017499	0.083866
355.8519	-0.017780	0.084050
356.4036	-0.018013	0.084009
356.9553	-0.018199	0.083747
357.5070	-0.018335	0.083265
358.0587	-0.018420	0.082565
358.6104	-0.018452	0.081651
359.1621	-0.018431	0.080525
359.7138	-0.018357	0.079194
360.2655	-0.018227	0.077661
360.8172	-0.018042	0.075931
361.3689	-0.017802	0.074011
361.9207	-0.017506	0.071908
362.4724	-0.017154	0.069627
363.0241	-0.016747	0.067177
363.5758	-0.016286	0.064565
364.1275	-0.015769	0.061799
364.6792	-0.015200	0.058888
365.2309	-0.014578	0.055841
365.7826	-0.013904	0.052667
366.3343	-0.013181	0.049376
366.8860	-0.012410	0.045977
367.4377	-0.011592	0.042482
367.9894	-0.010730	0.038899
368.5412	-0.009826	0.035240
369.0929	-0.008881	0.031516
369.6446	-0.007899	0.027737
370.1963	-0.006881	0.023914
370.7480	-0.005832	0.020058
371.2997	-0.004753	0.016181
371.8514	-0.003648	0.012292
372.4031	-0.002519	0.008404
372.9548	-0.001370	0.004527
373.5065	-0.000205	0.000671
374.0582	0.000973	-0.003152
374.6099	0.002161	-0.006931
375.1617	0.003355	-0.010658
375.7134	0.004552	-0.014321
376.2651	0.005748	-0.017910
376.8168	0.006938	-0.021417
377.3685	0.008120	-0.024832
377.9202	0.009290	-0.028145
378.4719	0.010443	-0.031349
379.0236	0.011577	-0.034434
379.5753	0.012687	-0.037394
380.1270	0.013770	-0.040221
380.6787	0.014822	-0.042908
381.2304	0.015840	-0.045448
381.7822	0.016820	-0.047836
382.3339	0.017759	-0.050065
382.8856	0.018654	-0.052131
383.4373	0.019502	-0.054030
383.9890	0.020299	-0.055757
384.5407	0.021043	-0.057309
385.0924	0.021732	-0.058683
385.6441	0.022362	-0.059877
386.1958	0.022931	-0.060889
386.7475	0.023438	-0.061717
387.2992	0.023880	-0.062361
387.8509	0.024255	-0.062821
388.4027	0.024562	-0.063098
388.9544	0.024799	-0.063191
389.5061	0.024966	-0.063103
390.0578	0.025061	-0.062836
390.6095	0.025083	-0.062393
391.1612	0.025033	-0.061775
391.7129	0.024910	-0.060987
392.2646	0.024714	-0.060034
392.8163	0.024445	-0.058918
393.3680	0.024104	-0.057646
393.9197	0.023691	-0.056223
394.4714	0.023208	-0.054654
395.0232	0.022655	-0.052945
395.5749	0.022034	-0.051104
396.1266	0.021347	-0.049136
396.6783	0.020595	-0.047050
397.2300	0.019780	-0.044853
397.7817	0.018906	-0.042551
398.3334	0.017974	-0.040155
398.8851	0.016987	-0.037671
399.4368	0.015948	-0.035108
399.9885	0.014860	-0.032474
400.5402	0.013726	-0.029779
401.0919	0.012550	-0.027031
401.6437	0.011335	-0.024238
402.1954	0.010085	-0.021411
402.7471	0.008803	-0.018557
403.2988	0.007494	-0.015686
403.8505	0.006162	-0.012807
404.4022	0.004811	-0.009928
404.9539	0.003444	-0.007058
405.5056	0.002067	-0.004206
406.0573	0.000683	-0.001380
406.6090	-0.000703	0.001412
407.1607	-0.002087	0.004161
407.7124	-0.003465	0.006859
408.2642	-0.004832	0.009500
408.8159	-0.006184	0.012075
409.3676	-0.007516	0.014578
409.9193	-0.008825	0.017001
410.4710	-0.010106	0.019339
411.0227	-0.011356	0.021585
411.5744	-0.012570	0.023734
412.1261	-0.013745	0.025780
412.6778	-0.014877	0.027718
413.2295	-0.015962	0.029544
413.7812	-0.016997	0.031253
414.3329	-0.017979	0.032842
414.8847	-0.018904	0.034308
415.4364	-0.019770	0.035647
415.9881	-0.020575	0.036857
416.5398	-0.021315	0.037936
417.0915	-0.021988	0.038883
417.6432	-0.022593	0.039697
418.1949	-0.023128	0.040376
418.7466	-0.023590	0.040921
419.2983	-0.023979	0.041332
419.8500	-0.024294	0.041610
420.4017	-0.024533	0.041755
420.9534	-0.024697	0.041769
421.5052	-0.024784	0.041654
422.0569	-0.024795	0.041413
422.6086	-0.024730	0.041047
423.1603	-0.024590	0.040560
423.7120	-0.024374	0.039956
424.2637	-0.024085	0.039237
424.8154	-0.023723	0.038409
425.3671	-0.023289	0.037476
425.9188	-0.022786	0.036441
426.4705	-0.022215	0.035310
427.0222	-0.021578	0.034089
427.5739	-0.020877	0.032782
428.1257	-0.020116	0.031396
428.6774	-0.019297	0.029935
429.2291	-0.018423	0.028407
429.7808	-0.017496	0.026816
430.3325	-0.016521	0.025169
430.8842	-0.015501	0.023473
431.4359	-0.014438	0.021733
431.9876	-0.013338	0.019957
432.5393	-0.012203	0.018150
433.0910	-0.011037	0.016320
433.6427	-0.009846	0.014471
434.1944	-0.008632	0.012612
434.7462	-0.007399	0.010748
435.2979	-0.006153	0.008885
435.8496	-0.004897	0.007029
436.4013	-0.003635	0.005187
436.9530	-0.002371	0.003364
437.5047	-0.001111	0.001567
438.0564	0.000143	-0.000201
438.6081	0.001386	-0.001932
439.1598	0.002613	-0.003622
439.7115	0.003822	-0.005267
440.2632	0.005008	-0.006861
440.8149	0.006167	-0.008400
441.3667	0.007296	-0.009880
441.9184	0.008391	-0.011298
442.4701	0.009448	-0.012649
443.0218	0.010465	-0.013930
443.5735	0.011439	-0.015139
444.1252	0.012366	-0.016272
444.6769	0.013243	-0.017327
445.2286	0.014069	-0.018303
445.7803	0.014841	-0.019198
446.3320	0.015557	-0.020009
446.8837	0.016215	-0.020737
447.4354	0.016813	-0.021380
447.9872	0.017349	-0.021937
448.5389	0.017823	-0.022410
449.0906	0.018234	-0.022797
449.6423	0.018581	-0.023099
450.1940	0.018862	-0.023317
450.7457	0.019079	-0.023453
451.2974	0.019231	-0.023506
451.8491	0.019318	-0.023480
452.4008	0.019340	-0.023375
452.9525	0.019298	-0.023194
453.5042	0.019193	-0.022939
454.0559	0.019027	-0.022613
454.6077	0.018800	-0.022218
455.1594	0.018513	-0.021758
455.7111	0.018169	-0.021235
456.2628	0.017770	-0.020652
456.8145	0.017317	-0.020014
457.3662	0.016813	-0.019323
457.9179	0.016260	-0.018584
458.4696	0.015660	-0.017800
459.0213	0.015017	-0.016974
459.5730	0.014334	-0.016112
460.1247	0.013612	-0.015216
460.6764	0.012856	-0.014291
461.2282	0.012068	-0.013341
461.7799	0.011252	-0.012370
462.3316	0.010411	-0.011382
462.8833	0.009548	-0.010381
463.4350	0.008666	-0.009370
463.9867	0.007770	-0.008355
464.5384	0.006862	-0.007338
465.0901	0.005946	-0.006323
465.6418	0.005025	-0.005315
466.1935	0.004103	-0.004316
466.7452	0.003183	-0.003330
467.2969	0.002269	-0.002360
467.8487	0.001362	-0.001409
468.4004	0.000468	-0.000481
468.9521	-0.000412	0.000421
469.5038	-0.001274	0.001296
470.0555	-0.002115	0.002140
470.6072	-0.002933	0.002952
471.1589	-0.003726	0.003729
471.7106	-0.004490	0.004469
472.2623	-0.005223	0.005170
472.8140	-0.005924	0.005831
473.3657	-0.006589	0.006451
473.9174	-0.007218	0.007028
474.4692	-0.007809	0.007561
475.0209	-0.008360	0.008050
475.5726	-0.008870	0.008494
476.1243	-0.009338	0.008893
476.6760	-0.009763	0.009246
477.2277	-0.010143	0.009553
477.7794	-0.010480	0.009816
478.3311	-0.010771	0.010033
478.8828	-0.011017	0.010206
479.4345	-0.011219	0.010335
479.9862	-0.011375	0.010421
480.5379	-0.011487	0.010465
481.0896	-0.011555	0.010469
481.6414	-0.011579	0.010433
482.1931	-0.011561	0.010359
482.7448	-0.011502	0.010249
483.2965	-0.011402	0.010104
483.8482	-0.011263	0.009926
484.3999	-0.011087	0.009716
484.9516	-0.010874	0.009477
485.5033	-0.010627	0.009210
486.0550	-0.010348	0.008918
486.6067	-0.010038	0.008603
487.1584	-0.009699	0.008266
487.7101	-0.009333	0.007910
488.2619	-0.008943	0.007537
488.8136	-0.008530	0.007149
489.3653	-0.008097	0.006748
489.9170	-0.007647	0.006337
490.4687	-0.007180	0.005917
491.0204	-0.006700	0.005491
491.5721	-0.006209	0.005060
492.1238	-0.005710	0.004626
492.6755	-0.005203	0.004192
493.2272	-0.004693	0.003760
493.7789	-0.004181	0.003330
494.3306	-0.003668	0.002906
494.8824	-0.003158	0.002488
495.4341	-0.002652	0.002077
495.9858	-0.002153	0.001677
496.5375	-0.001662	0.001287
497.0892	-0.001181	0.000909
497.6409	-0.000712	0.000545
498.1926	-0.000256	0.000195
498.7443	0.000185	-0.000140
499.2960	0.000610	-0.000459
499.8477	0.001016	-0.000760
500.3994	0.001404	-0.001045
500.9511	0.001772	-0.001311
501.5029	0.002119	-0.001558
502.0546	0.002444	-0.001787
502.6063	0.002747	-0.001997
503.1580	0.003027	-0.002188
503.7097	0.003283	-0.002359
504.2614	0.003516	-0.002511
504.8131	0.003724	-0.002645
505.3648	0.003908	-0.002759
505.9165	0.004068	-0.002856
506.4682	0.004205	-0.002934
507.0199	0.004317	-0.002995
507.5716	0.004407	-0.003039
508.1234	0.004473	-0.003067
508.6751	0.004517	-0.003079
509.2268	0.004540	-0.003076
509.7785	0.004541	-0.003059
510.3302	0.004523	-0.003028
510.8819	0.004486	-0.002985
511.4336	0.004430	-0.002931
511.9853	0.004357	-0.002865
512.5370	0.004269	-0.002790
513.0887	0.004165	-0.002706
513.6404	0.004047	-0.002614
514.1921	0.003918	-0.002514
514.7439	0.003776	-0.002409
515.2956	0.003625	-0.002298
515.8473	0.003465	-0.002184
516.3990	0.003297	-0.002065
516.9507	0.003123	-0.001944
517.5024	0.002943	-0.001821
518.0541	0.002760	-0.001697
518.6058	0.002574	-0.001573
519.1575	0.002387	-0.001449
519.7092	0.002199	-0.001327
520.2609	0.002011	-0.001206
520.8126	0.001826	-0.001088
521.3644	0.001642	-0.000973
521.9161	0.001463	-0.000861
522.4678	0.001288	-0.000753
523.0195	0.001118	-0.000650
523.5712	0.000953	-0.000551
524.1229	0.000796	-0.000457
524.6746	0.000645	-0.000368
525.2263	0.000503	-0.000285
525.7780	0.000368	-0.000207
526.3297	0.000242	-0.000135
526.8814	0.000124	-0.000069
527.4331	0.000016	-0.000009
527.9849	-0.000083	0.000046
528.5366	-0.000174	0.000095
529.0883	-0.000255	0.000138
529.6400	-0.000326	0.000175
530.1917	-0.000389	0.000208
530.7434	-0.000443	0.000235
531.2951	-0.000488	0.000257
531.8468	-0.000525	0.000275
532.3985	-0.000554	0.000288
532.9502	-0.000575	0.000297
533.5019	-0.000589	0.000302
534.0536	-0.000596	0.000304
534.6054	-0.000597	0.000302
535.1571	-0.000592	0.000298
535.7088	-0.000582	0.000290
536.2605	-0.000567	0.000281
536.8122	-0.000548	0.000270
537.3639	-0.000525	0.000257
537.9156	-0.000499	0.000243
538.4673	-0.000471	0.000227
539.0190	-0.000441	0.000211
539.5707	-0.000409	0.000195
540.1224	-0.000377	0.000178
540.6741	-0.000344	0.000161
541.2259	-0.000310	0.000144
541.7776	-0.000278	0.000128
542.3293	-0.000246	0.000113
542.8810	-0.000215	0.000098
543.4327	-0.000186	0.000084
543.9844	-0.000158	0.000071
544.5361	-0.000133	0.000059
545.0878	-0.000109	0.000048
545.6395	-0.000088	0.000039
546.1912	-0.000069	0.000030
546.7429	-0.000053	0.000023
547.2946	-0.000039	0.000017
547.8464	-0.000027	0.000012
548.3981	-0.000018	0.000008
548.9498	-0.000011	0.000005
549.5015	-0.000006	0.000002
550.0532	-0.000002	0.000001
550.6049	-0.000001	0.000000
551.1566	-0.000000	0.000000
